"Judul","Penjabaran Anggaran Pendapatan Belanja Daerah",,,,,
"Daerah","Kabupaten Bantul",,,,,
"Tahun",2014,,,,,
"Kode Organisasi",1.01,,,,,
"Nama Organisasi","Dinas Pendidikan Menengah dan Non-formal",,,,,
"Kolom",7,,,,,
,,,,,,
,,,,,,
,,,,,,
,,,,,,
"No. Rekening","Uraian","Sebelum","Sesudah","Angka","Prosentase","Keterangan"
"1.01 . 1.01.02 . 00.00 . 5 ","BELANJA ",261023929403,299383031003,38359101600,14.7,
"1.01 . 1.01.02 . 00.00 . 5.1 ","BELANJA TIDAK LANGSUNG ",219063359000,247498632400,28435273400,12.98,
"1.01 . 1.01.02 . 00.00 ","Non Kegiatan ",219063359000,247498632400,28435273400,12.98,"Sumber Dana : Dana Alokasi Umum (D A U)"
"1.01 . 1.01.02 . 00.00 . 5.1.1 ","Belanja Pegawai ",219063359000,247498632400,28435273400,12.98,
"1.01 . 1.01.02 . 00.00 . 5.1.1.01 ","Gaji Dan Tunjangan ",147593622000,144981646000,-2611976000,-1.77,
"1.01 . 1.01.02 . 00.00 . 5.1.1.01.01 ","Gaji Pokok PNS/Uang Representasi ",114604363660,113132749524,-1471614136,-1.28,"Gaji Pokok PNS/Uang representasiGaji Pokok/Uang representasi1 th x 113.132.749.524,00 = 113.132.749.524,00"
"1.01 . 1.01.02 . 00.00 . 5.1.1.01.02 ","Tunjangan Keluarga ",10535343229,10362409928,-172933301,-1.64,"Tunjangan Keluarga1 th x 10.362.409.928,00 = 10.362.409.928,00"
"1.01 . 1.01.02 . 00.00 . 5.1.1.01.03 ","Tunjangan Jabatan ",348276000,329749000,-18527000,-5.32,"Tunjangan Jabatan1 th x 329.749.000,00 = 329.749.000,00"
"1.01 . 1.01.02 . 00.00 . 5.1.1.01.04 ","Tunjangan Fungsional ",11880169000,11332676500,-547492500,-4.61,"Tunjangan Fungsional1 th x 11.332.676.500,00 = 11.332.676.500,00"
"1.01 . 1.01.02 . 00.00 . 5.1.1.01.05 ","Tunjangan Fungsional Umum ",522821000,478682000,-44139000,-8.44,"Tunjangan Fungsional Umum1 th x 478.682.000,00 = 478.682.000,00"
"1.01 . 1.01.02 . 00.00 . 5.1.1.01.06 ","Tunjangan Beras ",6669362760,5657502860,-1011859900,-15.17,"Tunjangan Beras1 th x 5.657.502.860,00 = 5.657.502.860,00"
"1.01 . 1.01.02 . 00.00 . 5.1.1.01.07 ","Tunjangan PPh/Tunjangan Khusus ",3030214340,3686202213,655987873,21.65,"Tunjangan PPh/Tunjangan Khusus1 th x 3.686.202.213,00 = 3.686.202.213,00"
"1.01 . 1.01.02 . 00.00 . 5.1.1.01.08 ","Pembulatan Gaji ",3072011,1673975,-1398036,-45.51,"Pembulatan Gaji1 th x 1.673.975,00 = 1.673.975,00"
"1.01 . 1.01.02 . 00.00 . 5.1.1.01.09 ","Iuran Asuransi Kesehatan ",0,0,0,0,"Iuran Asuransi Kesehatan1 thn x 0,00 = 0,00"
"1.01 . 1.01.02 . 00.00 . 5.1.1.07 ","Tambahan Penghasilan Guru ",71469737000,102516986400,31047249400,43.44,
"1.01 . 1.01.02 . 00.00 . 5.1.1.07.01 ","Tunjangan Profesi Guru ",69945626000,101721569400,31775943400,45.43,"Tunjangan Profesi Guru1 th x 101.721.569.400,00 = 101.721.569.400,00"
"1.01 . 1.01.02 . 00.00 . 5.1.1.07.02 ","Tambahan Penghasilan Guru ",1524111000,795417000,-728694000,-47.81,"Tambahan Penghasilan Guru1 th x 795.417.000,00 = 795.417.000,00"
"1.01 . 1.01.02 . 01.01 . 5.2 ","BELANJA LANGSUNG ",41960570403,51884398603,9923828200,23.65,
"1.01 . 1.01.02 . 01 ","Program Pelayanan Administrasi Perkantoran ",332120000,287755000,-44365000,-13.36,
"1.01 . 1.01.02 . 01.01 ","Pelayanan Jasa Surat Menyurat ",4000000,3800000,-200000,-5,"Sumber Dana : Dana Alokasi Umum (D A U)
Lokasi Kegiatan : Kabupaten Bantul"
"1.01 . 1.01.02 . 01.01 . 5.2.2 ","Belanja Barang dan Jasa ",4000000,3800000,-200000,-5,
"1.01 . 1.01.02 . 01.01 . 5.2.2.01 ","Belanja Bahan Pakai Habis ",3400000,3400000,0,0,
"1.01 . 1.01.02 . 01.01 . 5.2.2.01.04 ","Belanja Perangko, Materai Dan Benda Pos Lainnya ",3400000,3400000,0,0,"Belanja Perangko, Materai dan Benda Pos Lainnya1 Ls x 3.400.000,00 = 3.400.000,00"
"1.01 . 1.01.02 . 01.01 . 5.2.2.03 ","Belanja Jasa Kantor ",600000,400000,-200000,-33.33,
"1.01 . 1.01.02 . 01.01 . 5.2.2.03.07 ","Belanja Paket/Pengiriman ",200000,200000,0,0,"Biaya paket/ pengirimanBiaya paket/pengiriman1 Ls x 200.000,00 = 200.000,00"
"1.01 . 1.01.02 . 01.01 . 5.2.2.03.09 ","Belanja Jasa Transaksi Keuangan ",400000,200000,-200000,-50,"Belanja Jasa Transaksi Keuangan1 Ls x 200.000,00 = 200.000,00"
"1.01 . 1.01.02 . 01.02 ","Penyediaan Jasa Komunikasi, Sumber Daya Air dan Listrik ",84000000,19500000,-64500000,-76.79,"Sumber Dana : Dana Alokasi Umum (D A U)
Lokasi Kegiatan : Kabupaten Bantul"
"1.01 . 1.01.02 . 01.02 . 5.2.2 ","Belanja Barang dan Jasa ",84000000,19500000,-64500000,-76.79,
"1.01 . 1.01.02 . 01.02 . 5.2.2.03 ","Belanja Jasa Kantor ",84000000,19500000,-64500000,-76.79,
"1.01 . 1.01.02 . 01.02 . 5.2.2.03.01 ","Belanja Telepon ",18000000,19500000,1500000,8.33,"Biaya telepon1 Ls x 19.500.000,00 = 19.500.000,00"
"1.01 . 1.01.02 . 01.02 . 5.2.2.03.03 ","Belanja Listrik ",66000000,0,-66000000,-100,"Belanja Listrik"
"1.01 . 1.01.02 . 01.06 ","Penyediaan Jasa Pemeliharaan dan Perizinan Kendaraan Dinas/Operasional ",5800000,7500000,1700000,29.31,"Sumber Dana : Dana Alokasi Umum (D A U)
Lokasi Kegiatan : Kabupaten Bantul"
"1.01 . 1.01.02 . 01.06 . 5.2.2 ","Belanja Barang dan Jasa ",5800000,7500000,1700000,29.31,
"1.01 . 1.01.02 . 01.06 . 5.2.2.05 ","Belanja Perawatan Kendaraan Bermotor ",5800000,7500000,1700000,29.31,
"1.01 . 1.01.02 . 01.06 . 5.2.2.05.05 ","Belanja Surat Tanda Nomor Kendaraan ",5800000,7500000,1700000,29.31,"Biaya perpanjangan kendaraan roda dua1 kegiatan x 4.000.000,00 = 4.000.000,00
Biaya perpanjangan kendaraan roda empat1 kegiatan x 3.500.000,00 = 3.500.000,00"
"1.01 . 1.01.02 . 01.07 ","Penyediaan Jasa Administrasi Keuangan ",28704000,28464000,-240000,-0.84,"Sumber Dana : Dana Alokasi Umum (D A U)
Lokasi Kegiatan : Kabupaten Bantul"
"1.01 . 1.01.02 . 01.07 . 5.2.1 ","Belanja Pegawai ",28704000,28464000,-240000,-0.84,
"1.01 . 1.01.02 . 01.07 . 5.2.1.01 ","Honorarium PNS ",28704000,28464000,-240000,-0.84,
"1.01 . 1.01.02 . 01.07 . 5.2.1.01.03 ","Honor Pengelola Keuangan dan Barang ",28704000,28464000,-240000,-0.84,"Pejabat Penataa Usahaan KeuanganPejabat Penatausahaan Keuangan12 bulan x 345.000,00 = 4.140.000,00
Pembantu PPKPembantu PPK (1 orang)12 bulan x 230.000,00 = 2.760.000,00
Pembantu PPK (2 orang)24 bulan x 200.000,00 = 4.800.000,00
Bendahara12 bulan x 316.500,00 = 3.798.000,00
Pembantu BendaharaPembantu Bendahara (2 orang)24 bulan x 200.000,00 = 4.800.000,00
Pengurus Gaji12 bulan x 80.500,00 = 966.000,00
Pengurus Barang12 bulan x 300.000,00 = 3.600.000,00
Pembantu Pengurus Barang12 bulan x 100.000,00 = 1.200.000,00
Penyimpan Barang6 bulan x 100.000,00 = 600.000,006 bulan x 300.000,00 = 1.800.000,00"
"1.01 . 1.01.02 . 01.08 ","Penyediaan Jasa Kebersihan Kantor ",7000000,7000000,0,0,"Sumber Dana : Dana Alokasi Umum (D A U)
Lokasi Kegiatan : Kabupaten Bantul"
"1.01 . 1.01.02 . 01.08 . 5.2.2 ","Belanja Barang dan Jasa ",7000000,7000000,0,0,
"1.01 . 1.01.02 . 01.08 . 5.2.2.01 ","Belanja Bahan Pakai Habis ",7000000,7000000,0,0,
"1.01 . 1.01.02 . 01.08 . 5.2.2.01.05 ","Belanja Peralatan Kebersihan Dan Bahan Pembersih",7000000,7000000,0,0,"Belanja Peralatan Kebersihan1 Ls x 7.000.000,00 = 7.000.000,00"
"1.01 . 1.01.02 . 01.10 ","Penyediaan Alat Tulis Kantor ",20416000,20416000,0,0,"Sumber Dana : Dana Alokasi Umum (D A U)
Lokasi Kegiatan : Kabupaten Bantul"
"1.01 . 1.01.02 . 01.10 . 5.2.2 ","Belanja Barang dan Jasa ",20416000,20416000,0,0,
"1.01 . 1.01.02 . 01.10 . 5.2.2.01 ","Belanja Bahan Pakai Habis ",20416000,20416000,0,0,
"1.01 . 1.01.02 . 01.10 . 5.2.2.01.01 ","Belanja Alat Tulis Kantor ",20416000,20416000,0,0,"Belanja alat tulis kantor
Belanja Alat Tulis Kantor kertas, bolpoin, tinta dll1 Ls x 20.416.000,00 = 20.416.000,00"
"1.01 . 1.01.02 . 01.11 ","Penyediaan Barang Cetakan dan Penggandaan ",19000000,19000000,0,0,"Sumber Dana : Dana Alokasi Umum (D A U)
Lokasi Kegiatan : Kabupaten Bantul"
"1.01 . 1.01.02 . 01.11 . 5.2.2 ","Belanja Barang dan Jasa ",19000000,19000000,0,0,
"1.01 . 1.01.02 . 01.11 . 5.2.2.06 ","Belanja Cetak/Penggandaan/Dokumentasi ",19000000,19000000,0,0,
"1.01 . 1.01.02 . 01.11 . 5.2.2.06.01 ","Belanja Cetak ",7000000,7000000,0,0,"Belanja barang cetak1 Ls x 7.000.000,00 = 7.000.000,00"
"1.01 . 1.01.02 . 01.11 . 5.2.2.06.02 ","Belanja Penggandaan/Foto Copy ",12000000,12000000,0,0,"Belanja penggandaan/fotocopy80,000 lbr x 150,00 = 12.000.000,00"
"1.01 . 1.01.02 . 01.12 ","Penyediaan Komponen Instalasi Listrik/Penerangan Bangunan Kantor ",6500000,6500000,0,0,"Sumber Dana : Dana Alokasi Umum (D A U)
Lokasi Kegiatan : Kabupaten Bantul"
"1.01 . 1.01.02 . 01.12 . 5.2.2 ","Belanja Barang dan Jasa ",6500000,6500000,0,0,
"1.01 . 1.01.02 . 01.12 . 5.2.2.01 ","Belanja Bahan Pakai Habis ",6500000,6500000,0,0,
"1.01 . 1.01.02 . 01.12 . 5.2.2.01.03 ","Belanja Alat Listrik dan Elektronik(lampu pijar,battery kering)",6500000,6500000,0,0,"Belanja alat listrik dan elektronik
Belanja alat listrik dan elektronika1 Ls x 6.500.000,00 = 6.500.000,00"
"1.01 . 1.01.02 . 01.14 ","Penyediaan Peralatan Rumah Tangga ",38200000,38075000,-125000,-0.33,"Sumber Dana : Dana Alokasi Umum (D A U)
Lokasi Kegiatan : Kabupaten Bantul"
"1.01 . 1.01.02 . 01.14 . 5.2.2 ","Belanja Barang dan Jasa ",33200000,33075000,-125000,-0.38,
"1.01 . 1.01.02 . 01.14 . 5.2.2.01 ","Belanja Bahan Pakai Habis ",3500000,3500000,0,0,
"1.01 . 1.01.02 . 01.14 . 5.2.2.01.09 ","Belanja pembelian bendera,papan nama dll ",3500000,3500000,0,0,"Belanja bendera, spanduk, umbul-umbul
Belanja bendera, spanduk, umbul-umbul, dll1 Ls x 3.500.000,00 = 3.500.000,00"
"1.01 . 1.01.02 . 01.14 . 5.2.2.02 ","Belanja Bahan/Material ",4700000,4700000,0,0,
"1.01 . 1.01.02 . 01.14 . 5.2.2.02.04 ","Belanja Bahan Obat-Obatan ",1000000,1000000,0,0,"Belanja obat-obatan1 Ls x 1.000.000,00 = 1.000.000,00"
"1.01 . 1.01.02 . 01.14 . 5.2.2.02.07 ","Belanja Cindera Mata ",3000000,3000000,0,0,"Belanja cindera mata
Belanja cindera mata (tropi, kenang-kenangan)1 ls x 3.000.000,00 = 3.000.000,00"
"1.01 . 1.01.02 . 01.14 . 5.2.2.02.12 ","Belanja alat-alat/perlengkapan ",700000,700000,0,0,"Belanja sarana kearsipan/alat-alat perlengkapan
Belanja sarana kearsipan (box arsip, sekat, folder, dll)1 ls x 700.000,00 = 700.000,00"
"1.01 . 1.01.02 . 01.14 . 5.2.2.03 ","Belanja Jasa Kantor ",25000000,24875000,-125000,-0.5,
"1.01 . 1.01.02 . 01.14 . 5.2.2.03.30 ","Belanja Jasa Tambah Daya Listrik ",25000000,24875000,-125000,-0.5,"Belanja tambah daya listrik1 ls x 24.875.000,00 = 24.875.000,00"
"1.01 . 1.01.02 . 01.14 . 5.2.3 ","Belanja Modal ",5000000,5000000,0,0,
"1.01 . 1.01.02 . 01.14 . 5.2.3.15 ","Belanja Modal Pengadaan Penghias Ruangan Rumah Tangga",5000000,5000000,0,0,
"1.01 . 1.01.02 . 01.14 . 5.2.3.15.03 ","Belanja Modal Pengadaan gordyn/Vitrage/rell Allmunium",5000000,5000000,0,0,"Belanja Modal Pengadaan gordyn/vitrage/rell allumunium1 ls x 5.000.000,00 = 5.000.000,00"
"1.01 . 1.01.02 . 01.15 ","Penyediaan Bahan Bacaan dan Peraturan Perundang-Undangan ",6500000,5000000,-1500000,-23.08,"Sumber Dana : Dana Alokasi Umum (D A U)
Lokasi Kegiatan : Kabupaten Bantul"
"1.01 . 1.01.02 . 01.15 . 5.2.2 ","Belanja Barang dan Jasa ",5040000,3504000,-1536000,-30.48,
"1.01 . 1.01.02 . 01.15 . 5.2.2.03 ","Belanja Jasa Kantor ",5040000,3504000,-1536000,-30.48,
"1.01 . 1.01.02 . 01.15 . 5.2.2.03.05 ","Belanja Surat Kabar/Majalah ",5040000,3504000,-1536000,-30.48,"Belanja surat kabar/majalah
Belanja surat kabar/majalah/buku12 bln x 292.000,00 = 3.504.000,00"
"1.01 . 1.01.02 . 01.15 . 5.2.3 ","Belanja Modal ",1460000,1496000,36000,2.47,
"1.01 . 1.01.02 . 01.15 . 5.2.3.27 ","Belanja Modal Pengadaan Buku/Kepustakaan ",1460000,1496000,36000,2.47,
"1.01 . 1.01.02 . 01.15 . 5.2.3.27.21 ","Belanja Modal Pengadaan Buku Peraturan Perundang-Undangan",1460000,1496000,36000,2.47,"Belanja buku perundang-undangan1 Ls x 1.496.000,00 = 1.496.000,00"
"1.01 . 1.01.02 . 01.17 ","Penyediaan Makanan dan Minuman ",39500000,43000000,3500000,8.86,"Sumber Dana : Dana Alokasi Umum (D A U)
Lokasi Kegiatan : Kabupaten Bantul"
"1.01 . 1.01.02 . 01.17 . 5.2.2 ","Belanja Barang dan Jasa ",39500000,43000000,3500000,8.86,
"1.01 . 1.01.02 . 01.17 . 5.2.2.11 ","Belanja Makanan Dan Minuman ",39500000,43000000,3500000,8.86,
"1.01 . 1.01.02 . 01.17 . 5.2.2.11.02 ","Belanja Makanan Dan Minuman Rapat ",39500000,43000000,3500000,8.86,"Belanja makan minum rapat1,600 dos x 17.500,00 = 28.000.000,00
Snack Minum2,000 dos x 7.500,00 = 15.000.000,00"
"1.01 . 1.01.02 . 01.18 ","Rapat-Rapat Koordinasi dan Konsultasi Ke Luar Daerah ",60000000,83000000,23000000,38.33,"Sumber Dana : Dana Alokasi Umum (D A U)
Lokasi Kegiatan : Kabupaten Bantul"
"1.01 . 1.01.02 . 01.18 . 5.2.2 ","Belanja Barang dan Jasa ",60000000,83000000,23000000,38.33,
"1.01 . 1.01.02 . 01.18 . 5.2.2.15 ","Belanja Perjalanan Dinas ",60000000,83000000,23000000,38.33,
"1.01 . 1.01.02 . 01.18 . 5.2.2.15.02 ","Belanja Perjalanan Dinas Luar Daerah ",60000000,83000000,23000000,38.33,"Biaya perjalanan dinas luar daerah
Biaya perjalanan dinas ke luar daerah (SPPD luar daerah)1 ls x 83.000.000,00 = 83.000.000,00"
"1.01 . 1.01.02 . 01.19 ","Rapat Koordinasi dan Konsultasi ke Dalam Daerah ",6500000,6500000,0,0,"Sumber Dana : Dana Alokasi Umum (D A U)
Lokasi Kegiatan : Kabupaten Bantul"
"1.01 . 1.01.02 . 01.19 . 5.2.2 ","Belanja Barang dan Jasa ",6500000,6500000,0,0,
"1.01 . 1.01.02 . 01.19 . 5.2.2.15 ","Belanja Perjalanan Dinas ",6500000,6500000,0,0,
"1.01 . 1.01.02 . 01.19 . 5.2.2.15.01 ","Belanja Perjalanan Dinas Dalam Daerah ",6500000,6500000,0,0,"Biaya perjalanan dinas dalam daerah
Biaya perjalanan dinas di dalam daerah (SPPD dalam daerah)1 Ls x 6.500.000,00 = 6.500.000,00"
"1.01 . 1.01.02 . 01.20 ","Penyediaan jasa keamanan ",6000000,0,-6000000,-100,"Sumber Dana :
 Lokasi Kegiatan : Kab. Bantul"
"1.01 . 1.01.02 . 01.20 . 5.2.1 ","Belanja Pegawai ",6000000,0,-6000000,-100,
"1.01 . 1.01.02 . 01.20 . 5.2.1.02 ","Honorarium Non PNS ",6000000,0,-6000000,-100,
"1.01 . 1.01.02 . 01.20 . 5.2.1.02.02 ","Honorarium Pegawai Honorer/Tidak Tetap ",6000000,0,-6000000,-100,"Jasa Honorarium pegawai tidak tetapJasa
 honor keamanan kantor dinas"
"1.01 . 1.01.02 . 02 ","Program Peningkatan Sarana dan Prasarana Aparatur",626107500,643402500,17295000,2.76,
"1.01 . 1.01.02 . 02.05 ","Pengadaan Kendaraan Dinas/Operasional ",366962500,299662500,-67300000,-18.34,"Sumber Dana : Dana Alokasi Umum (D A U)"
"1.01 . 1.01.02 . 02.05 . 5.2.3 ","Belanja Modal ",366962500,299662500,-67300000,-18.34,
"1.01 . 1.01.02 . 02.05 . 5.2.3.03 ","Belanja Modal Pengadaan Alat-Alat Angkutan Darat Bermotor",366962500,299662500,-67300000,-18.34,
"1.01 . 1.01.02 . 02.05 . 5.2.3.03.05 ","Belanja Modal Pengadaan Alat-Alat Angkutan Darat Bermotor Micro Bus",198000000,183905000,-14095000,-7.12,"Belanja modal pengadaan kendaraan dinas/operasional roda 41 unit x 182.100.000,00 = 182.100.000,00
Honor PPK1 org x 350.000,00 = 350.000,00
Honor Pejabat PengadaanHonor Panitia Penerima1 org/bjj x 525.000,00 = 525.000,00
Belanja Makan Minum Rapat30 oh x 8.500,00 = 255.000,00
Honor Panitia Pengadaan1 bjj x 675.000,00 = 675.000,00"
"1.01 . 1.01.02 . 02.05 . 5.2.3.03.12 ","Belanja Modal Pengadaan Alat-Alat Angkutan Darat Bermotor Sepeda Motor",168962500,115757500,-53205000,-31.49,"Belanja modal pengadaan sepeda motor dinas
Belanja modal pengadaan kendaraan sepeda motor dinas/operasionalHonor PPK1 org x 350.000,00 = 350.000,00
Honor pejabat pengadaanHonor Panitia Pengadaan1 org/bjj x 675.000,00 = 675.000,00
Honor penerima barang1 org/bjj x 525.000,00 = 525.000,00
Belanja makan minum rapat18 OH x 8.500,00 = 153.000,00
Sepeda Motor Type Bebek6 unit x 15.685.500,00 = 94.113.000,00
Sepeda Motor Type Sport1 unit x 19.941.500,00 = 19.941.500,00"
"1.01 . 1.01.02 . 02.10 ","Pengadaan Mebeleur ",17400000,17150000,-250000,-1.44,"Sumber Dana : Dana Alokasi Umum (D A U)
Lokasi Kegiatan : Kabupaten Bantul"
"1.01 . 1.01.02 . 02.10 . 5.2.3 ","Belanja Modal ",17400000,17150000,-250000,-1.44,
"1.01 . 1.01.02 . 02.10 . 5.2.3.13 ","Belanja Modal Pengadaan Mebeulair ",17400000,17150000,-250000,-1.44,
"1.01 . 1.01.02 . 02.10 . 5.2.3.13.02 ","Belanja Modal Pengadaan Meja Rapat ",15000000,14750000,-250000,-1.67,"Belanja modal pengadaan meja rapat10 unit x 1.475.000,00 = 14.750.000,00"
"1.01 . 1.01.02 . 02.10 . 5.2.3.13.09 ","Belanja Modal Pengadaan Rak Buku/Tv/Kembang ",2400000,2400000,0,0,"Belanja Modal Pengadaan Rak Buku2 unit x 1.200.000,00 = 2.400.000,00"
"1.01 . 1.01.02 . 02.22 ","Pemeliharaan Rutin/Berkala Gedung Kantor ",15000000,25000000,10000000,66.67,"Sumber Dana : 
Lokasi Kegiatan : Kab. Bantul"
"1.01 . 1.01.02 . 02.22 . 5.2.2 ","Belanja Barang dan Jasa ",15000000,25000000,10000000,66.67,
"1.01 . 1.01.02 . 02.22 . 5.2.2.20 ","Belanja Pemeliharaan ",15000000,25000000,10000000,66.67,
"1.01 . 1.01.02 . 02.22 . 5.2.2.20.27 ","Belanja pemeliharaan bangunan gedung tempat kerja",15000000,25000000,10000000,66.67,"Pemeliharaan berkala gedung kantor dinas1 kegiatan x 25.000.000,00 = 25.000.000,00"
"1.01 . 1.01.02 . 02.24 ","Pemeliharaan Rutin/Berkala Kendaraan Dinas / Operasional ",120000000,122250000,2250000,1.88,"Sumber Dana : Dana Alokasi Umum (D A U)
Lokasi Kegiatan : Kabupaten Bantul"
"1.01 . 1.01.02 . 02.24 . 5.2.2 ","Belanja Barang dan Jasa ",120000000,122250000,2250000,1.88,
"1.01 . 1.01.02 . 02.24 . 5.2.2.05 ","Belanja Perawatan Kendaraan Bermotor ",120000000,122250000,2250000,1.88,
"1.01 . 1.01.02 . 02.24 . 5.2.2.05.01 ","Belanja Jasa Service ",15500000,16500000,1000000,6.45,"Belanja servis
biaya servis kendaraan dinas roda dua30 buah x 150.000,00 = 4.500.000,00
biaya servis kendaraan dinas roda empat1 buah x 3.000.000,00 = 3.000.000,00
biaya servis kendaraan dinas roda empat3 buah x 3.000.000,00 = 9.000.000,00"
"1.01 . 1.01.02 . 02.24 . 5.2.2.05.02 ","Belanja Penggantian Suku Cadang ",18350000,19600000,1250000,6.81,"Suku cadangsuku cadang roda dua30 buah x 260.000,00 = 7.800.000,00
suku cadang roda empat1 buah x 2.500.000,00 = 2.500.000,00
suku cadang roda empat3 buah x 3.100.000,00 = 9.300.000,00"
"1.01 . 1.01.02 . 02.24 . 5.2.2.05.03 ","Belanja Bahan Bakar Minyak/Gas Dan Pelumas ",86150000,86150000,0,0,"Belanja BBM1 ls x 80.000.000,00 = 80.000.000,00
Belanja pelumas1 ls x 6.150.000,00 = 6.150.000,00"
"1.01 . 1.01.02 . 02.30 ","Pemeliharaan rutin/berkala Peralatan dan Perlengkapan Kantor",17600000,19000000,1400000,7.95,"Sumber Dana : "
"1.01 . 1.01.02 . 02.30 . 5.2.2 ","Belanja Barang dan Jasa ",17600000,19000000,1400000,7.95,
"1.01 . 1.01.02 . 02.30 . 5.2.2.20 ","Belanja Pemeliharaan ",17600000,19000000,1400000,7.95,
"1.01 . 1.01.02 . 02.30 . 5.2.2.20.18 ","Belanja pemeliharaan alat kantor ",17600000,19000000,1400000,7.95,"Belanja pemeliharaan alat kantor
Belanja pemeliharaan alat kantor (perbaikan komputer, printer, ac, mebeler, dll)1 Ls x 19.000.000,00 = 19.000.000,00"
"1.01 . 1.01.02 . 02.34 ","Pengadaan Peralatan dan Perlengkapan Kantor ",89145000,112735000,23590000,26.46,"Sumber Dana : Dana Alokasi Umum (D A U)"
"1.01 . 1.01.02 . 02.34 . 5.2.3 ","Belanja Modal ",89145000,112735000,23590000,26.46,
"1.01 . 1.01.02 . 02.34 . 5.2.3.11 ","Belanja Modal Pengadaan Perlengkapan Kantor ",31000000,2000000,-29000000,-93.55,
"1.01 . 1.01.02 . 02.34 . 5.2.3.11.07 ","Belanja Modal Pengadaan AC ",25000000,0,-25000000,-100,"Belanja modal pengadaan pendingin ruangan model almari
Belanja modal pengadaan pendingin ruangan (ac) model almari1 unit x 0,00 = 0,00"
"1.01 . 1.01.02 . 02.34 . 5.2.3.11.73 ","Belanja modal pengadaan alat pemadam kebakaran",6000000,2000000,-4000000,-66.67,"Belanja modal pengadaan alat pemadam kebaran
Belanja modal pengadaan alat pemadam kebakaran2 unit x 1.000.000,00 = 2.000.000,00"
"1.01 . 1.01.02 . 02.34 . 5.2.3.12 ","Belanja Modal Pengadaan Komputer ",52145000,102385000,50240000,96.35,
"1.01 . 1.01.02 . 02.34 . 5.2.3.12.02 ","Belanja Modal Pengadaan Komputer/PC ",0,18000000,18000000,0,"Belanja Modal Pengadaan Komputer2 unit x 9.000.000,00 = 18.000.000,00"
"1.01 . 1.01.02 . 02.34 . 5.2.3.12.03 ","Belanja Modal Pengadaan Komputer Note Book ",52145000,68385000,16240000,31.14,"Belanja modal pengadaan Laptop/note book
Belanja pengadaan Laptop/note book5 buah x 9.153.000,00 = 45.765.000,00
Honor PPK1 org x 350.000,00 = 350.000,00
Honor Pejabat Pengadaan1 org x 300.000,00 = 300.000,00
Honor Penerima Barang1 org/bjj x 525.000,00 = 525.000,00
Belanja ATK1 keg x 250.000,00 = 250.000,00
Belanja Penggandaan (Foto Copy)1,300 lbr x 150,00 = 195.000,00
Belanja modal pengadaan Laptop/note book
Belanja Modal pengadaan Laptop3 unit x 7.000.000,00 = 21.000.000,00"
"1.01 . 1.01.02 . 02.34 . 5.2.3.12.04 ","Belanja Modal Pengadaan Printer ",0,4000000,4000000,0,"Belanja pengadaan printer2 unit x 2.000.000,00 = 4.000.000,00"
"1.01 . 1.01.02 . 02.34 . 5.2.3.12.09 ","Belanja Modal Pengadaan Kelengkapan Komputer (Flash Disk, Mouse, Keyboard, Hardisk, Speaker)",0,1500000,1500000,0,"Belanja modal pengadaan hardisk eksternal2 buah x 750.000,00 = 1.500.000,00"
"1.01 . 1.01.02 . 02.34 . 5.2.3.12.11 ","Belanja modal pengadaan software/aplilkasi program",0,10500000,10500000,0,"Belanja modal pengadaan software note book apple3 buah x 3.500.000,00 = 10.500.000,00"
"1.01 . 1.01.02 . 02.34 . 5.2.3.16 ","Belanja Modal Pengadaan Alat-Alat Studio ",6000000,8350000,2350000,39.17,
"1.01 . 1.01.02 . 02.34 . 5.2.3.16.01 ","Belanja Modal Pengadaan Kamera ",0,2500000,2500000,0,"Belanja modal pengadaan kamera digital1 unit x 2.500.000,00 = 2.500.000,00"
"1.01 . 1.01.02 . 02.34 . 5.2.3.16.03 ","Belanja Modal Pengadaan Proyektor/LCD ",6000000,5850000,-150000,-2.5,"Belanja modal pengadaan LCD1 buah x 5.850.000,00 = 5.850.000,00"
"1.01 . 1.01.02 . 02.42 ","Rehabilitasi sedang/berat rumah gedung kantor ",0,47605000,47605000,0,"Sumber Dana : Dana Alokasi Umum (D A U)"
"1.01 . 1.01.02 . 02.42 . 5.2.1 ","Belanja Pegawai ",0,850000,850000,0,
"1.01 . 1.01.02 . 02.42 . 5.2.1.01 ","Honorarium PNS ",0,850000,850000,0,
"1.01 . 1.01.02 . 02.42 . 5.2.1.01.01 ","Honorarium Panitia Pelaksana Kegiatan ",0,850000,850000,0,"Honor Pelaksana kegiatam
Honor tim panitia pelaksana kegiatan1 org/bjj x 850.000,00 = 850.000,00"
"1.01 . 1.01.02 . 02.42 . 5.2.3 ","Belanja Modal ",0,46755000,46755000,0,
"1.01 . 1.01.02 . 02.42 . 5.2.3.26 ","Belanja Modal Pengadaan Konstruksi/Pembelian Bangunan",0,46755000,46755000,0,
"1.01 . 1.01.02 . 02.42 . 5.2.3.26.25 ","Belanja modal pengadaan konstruksi/bangunan konstruksi tempat parkir",0,46755000,46755000,0,"Belanja Modal rehab rusak sangat berat/perluasan/peningkatan/pengadaan bangunan konstruksi tempat parkir kendaraan karyawan kantor
Pembangunan  kontruksi tempat parkir kendaraan karyawan kantor/ Dinas1 paket x 45.000.000,00 = 45.000.000,00
Honor pejabat pembuat komitmen1 org x 350.000,00 = 350.000,00
Honor petugas teknis bangunan1 org x 1.000.000,00 = 1.000.000,00
Belanja ATK1 keg x 150.000,00 = 150.000,00
Belanja makan minum rapat30 org x 8.500,00 = 255.000,00"
"1.01 . 1.01.02 . 05 ","Program Peningkatan Kapasitas Sumber Daya Aparatur",16500000,292740000,276240000,1674.18,
"1.01 . 1.01.02 . 05.04 ","Penilaian Angka Kredit Pejabat Fungsional ",16500000,19935000,3435000,20.82,"Sumber Dana : Dana Alokasi Umum (D A U)
Lokasi Kegiatan : Kabupaten Bantul"
"1.01 . 1.01.02 . 05.04 . 5.2.1 ","Belanja Pegawai ",9820000,13430000,3610000,36.76,
"1.01 . 1.01.02 . 05.04 . 5.2.1.01 ","Honorarium PNS ",7220000,10830000,3610000,50,
"1.01 . 1.01.02 . 05.04 . 5.2.1.01.01 ","Honorarium Panitia Pelaksana Kegiatan ",7220000,10830000,3610000,50,"Honor tim kegiatan1 ls x 7.220.000,00 = 7.220.000,00
Honor Tim angka Kredit penilik dan pamong belajar1 bjj x 3.610.000,00 = 3.610.000,00"
"1.01 . 1.01.02 . 05.04 . 5.2.1.03 ","Uang Lembur ",2600000,2600000,0,0,
"1.01 . 1.01.02 . 05.04 . 5.2.1.03.01 ","Uang Lembur PNS ",2600000,2600000,0,0,"Golongan 3 dan 4160 org x 15.000,00 = 2.400.000,00
Golongan 220 org x 10.000,00 = 200.000,00"
"1.01 . 1.01.02 . 05.04 . 5.2.2 ","Belanja Barang dan Jasa ",6680000,6505000,-175000,-2.62,
"1.01 . 1.01.02 . 05.04 . 5.2.2.01 ","Belanja Bahan Pakai Habis ",1567500,1567500,0,0,
"1.01 . 1.01.02 . 05.04 . 5.2.2.01.01 ","Belanja Alat Tulis Kantor ",1567500,1567500,0,0,"Belanja ATK1 LS x 1.567.500,00 = 1.567.500,00"
"1.01 . 1.01.02 . 05.04 . 5.2.2.06 ","Belanja Cetak/Penggandaan/Dokumentasi ",1350000,1350000,0,0,
"1.01 . 1.01.02 . 05.04 . 5.2.2.06.02 ","Belanja Penggandaan/Foto Copy ",1350000,1350000,0,0,"Belanja penggandaan9,000 lbr x 150,00 = 1.350.000,00"
"1.01 . 1.01.02 . 05.04 . 5.2.2.11 ","Belanja Makanan Dan Minuman ",3762500,3587500,-175000,-4.65,
"1.01 . 1.01.02 . 05.04 . 5.2.2.11.02 ","Belanja Makanan Dan Minuman Rapat ",437500,437500,0,0,"Belanja makan minum rapat25 dos x 17.500,00 = 437.500,00"
"1.01 . 1.01.02 . 05.04 . 5.2.2.11.04 ","Belanja Makanan dan Minuman lembur ",3325000,3150000,-175000,-5.26,"Belanja makan minum lembur180 dos x 17.500,00 = 3.150.000,00"
"1.01 . 1.01.02 . 05.10 ","Seleksi Calon Kepala Sekolah ",0,272805000,272805000,0,"Sumber Dana : "
"1.01 . 1.01.02 . 05.10 . 5.2.1 ","Belanja Pegawai ",0,4720000,4720000,0,
"1.01 . 1.01.02 . 05.10 . 5.2.1.01 ","Honorarium PNS ",0,4000000,4000000,0,
"1.01 . 1.01.02 . 05.10 . 5.2.1.01.01 ","Honorarium Panitia Pelaksana Kegiatan ",0,4000000,4000000,0,"Honor Panitia Pelaksana Kegiatan
Honor Panitia Pelaksana Kegiatan1 bjj x 1.500.000,00 = 1.500.000,00
Honor Tim seleksi1 bjj x 2.500.000,00 = 2.500.000,00"
"1.01 . 1.01.02 . 05.10 . 5.2.1.03 ","Uang Lembur ",0,720000,720000,0,
"1.01 . 1.01.02 . 05.10 . 5.2.1.03.01 ","Uang Lembur PNS ",0,720000,720000,0,"Uang lemburUang Lembur PNS1 ls x 720.000,00 = 720.000,00"
"1.01 . 1.01.02 . 05.10 . 5.2.2 ","Belanja Barang dan Jasa ",0,268085000,268085000,0,
"1.01 . 1.01.02 . 05.10 . 5.2.2.01 ","Belanja Bahan Pakai Habis ",0,1550000,1550000,0,
"1.01 . 1.01.02 . 05.10 . 5.2.2.01.01 ","Belanja Alat Tulis Kantor ",0,1550000,1550000,0,"Belanja ATK1 ls x 1.550.000,00 = 1.550.000,00"
"1.01 . 1.01.02 . 05.10 . 5.2.2.06 ","Belanja Cetak/Penggandaan/Dokumentasi ",0,1350000,1350000,0,
"1.01 . 1.01.02 . 05.10 . 5.2.2.06.02 ","Belanja Penggandaan/Foto Copy ",0,1350000,1350000,0,"Belanja Penggandaan
Belanja foto copi/penggandaan9,000 lb x 150,00 = 1.350.000,00"
"1.01 . 1.01.02 . 05.10 . 5.2.2.11 ","Belanja Makanan Dan Minuman ",0,5040000,5040000,0,
"1.01 . 1.01.02 . 05.10 . 5.2.2.11.02 ","Belanja Makanan Dan Minuman Rapat ",0,2000000,2000000,0,"Makan minum rapat
Belanja makan minum rapat100 orang x 20.000,00 = 2.000.000,00"
"1.01 . 1.01.02 . 05.10 . 5.2.2.11.04 ","Belanja Makanan dan Minuman lembur ",0,1040000,1040000,0,"Makan minum lembur
Belanja makan minum lembur52 orang x 20.000,00 = 1.040.000,00"
"1.01 . 1.01.02 . 05.10 . 5.2.2.11.05 ","Belanja makanan dan minuman pelaksanaan kegiatan",0,2000000,2000000,0,"Makan minum kegiatan
Belanja makan minum kegiatan100 orang x 20.000,00 = 2.000.000,00"
"1.01 . 1.01.02 . 05.10 . 5.2.2.15 ","Belanja Perjalanan Dinas ",0,2720000,2720000,0,
"1.01 . 1.01.02 . 05.10 . 5.2.2.15.01 ","Belanja Perjalanan Dinas Dalam Daerah ",0,720000,720000,0,"Perjalanan dinas dalam propinsi1 ls x 720.000,00 = 720.000,00"
"1.01 . 1.01.02 . 05.10 . 5.2.2.15.02 ","Belanja Perjalanan Dinas Luar Daerah ",0,2000000,2000000,0,"Perjalanan dinas luar daerah1 ls x 2.000.000,00 = 2.000.000,00"
"1.01 . 1.01.02 . 05.10 . 5.2.2.17 ","Belanja Kursus, Pelatihan, Sosialisasi Dan Bimbingan Teknis PNS",0,257425000,257425000,0,
"1.01 . 1.01.02 . 05.10 . 5.2.2.17.07 ","Belanja Pengiriman Peserta Seleksi Akademik ",0,81225000,81225000,0,"Belanja operasional seleksi akademik
Seleksi akademik calon kepala sekolah40 orang x 2.000.000,00 = 80.000.000,00
PPK1 keg x 350.000,00 = 350.000,00
Honor pejabat pengadaan1 keg x 350.000,00 = 350.000,00
Honor penerima pemeriksa pekerjaan1 bjj x 525.000,00 = 525.000,00"
"1.01 . 1.01.02 . 05.10 . 5.2.2.17.08 ","Belanja Pengiriman Peserta Diklat ",0,176200000,176200000,0,"Pengiriman peserta diklat
Belanja operasional diklat calon kepala sekolah20 orang x 4.000.000,00 = 80.000.000,00
Belanja operasional diklat calon pengawas25 orang x 3.750.000,00 = 93.750.000,00
Honor PPK2 keg x 350.000,00 = 700.000,00
Honor pejabat pengadaan2 keg x 350.000,00 = 700.000,00
Honor panitia penerima pemeriksa pekerjaan2 bjj x 525.000,00 = 1.050.000,00"
"1.01 . 1.01.02 . 06 ","Program Peningkatan Pengembangan Sistem Pelaporan Capaian Kinerja dan Keuangan",15000000,15000000,0,0,
"1.01 . 1.01.02 . 06.01 ","Penyusunan Laporan Capaian Kinerja dan Ikhtisar Realisasi Kinerja SKPD ",15000000,15000000,0,0,"Sumber Dana : Dana Alokasi Umum (D A U)
Lokasi Kegiatan : Kabupaten Bantul"
"1.01 . 1.01.02 . 06.01 . 5.2.1 ","Belanja Pegawai ",3700000,3700000,0,0,
"1.01 . 1.01.02 . 06.01 . 5.2.1.03 ","Uang Lembur ",3700000,3700000,0,0,
"1.01 . 1.01.02 . 06.01 . 5.2.1.03.01 ","Uang Lembur PNS ",3700000,3700000,0,0,"Uang lembur PNSGolongan 3 dan 4180 org x 15.000,00 = 2.700.000,00
Golongan 2100 org x 10.000,00 = 1.000.000,00"
"1.01 . 1.01.02 . 06.01 . 5.2.2 ","Belanja Barang dan Jasa ",11300000,11300000,0,0,
"1.01 . 1.01.02 . 06.01 . 5.2.2.01 ","Belanja Bahan Pakai Habis ",3400000,3400000,0,0,
"1.01 . 1.01.02 . 06.01 . 5.2.2.01.01 ","Belanja Alat Tulis Kantor ",3400000,3400000,0,0,"Belanja ATK1 LS x 3.400.000,00 = 3.400.000,00"
"1.01 . 1.01.02 . 06.01 . 5.2.2.06 ","Belanja Cetak/Penggandaan/Dokumentasi ",3000000,3000000,0,0,
"1.01 . 1.01.02 . 06.01 . 5.2.2.06.02 ","Belanja Penggandaan/Foto Copy ",3000000,3000000,0,0,"Belanja penggandaan dan cetak
Belanja penggandaan/fotocopy20,000 lbr x 150,00 = 3.000.000,00"
"1.01 . 1.01.02 . 06.01 . 5.2.2.11 ","Belanja Makanan Dan Minuman ",4900000,4900000,0,0,
"1.01 . 1.01.02 . 06.01 . 5.2.2.11.04 ","Belanja Makanan dan Minuman lembur ",4900000,4900000,0,0,"Belanja MML
Belanja makan minum lembur280 ol x 17.500,00 = 4.900.000,00"
"1.01 . 1.01.02 . 15 ","Program Pendidikan Anak Usia Dini ",954400000,1321562500,367162500,38.47,
"1.01 . 1.01.02 . 15.62 ","Pengembangan Kurikulum, Bahan Ajar dan Model Pembelajaran Pendidikan Anak Usia Dini ",501337500,578987500,77650000,15.49,"Sumber Dana : Dana Alokasi Umum (D A U)
Lokasi Kegiatan : Kabupaten Bantul"
"1.01 . 1.01.02 . 15.62 . 5.2.1 ","Belanja Pegawai ",0,2650000,2650000,0,
"1.01 . 1.01.02 . 15.62 . 5.2.1.01 ","Honorarium PNS ",0,2650000,2650000,0,
"1.01 . 1.01.02 . 15.62 . 5.2.1.01.02 ","Honorarium Tim Pengadaan Barang dan Jasa ",0,2650000,2650000,0,"Honor tim pengadaan barang
Honor PPK1 keg x 650.000,00 = 650.000,00
Honor pejabat pengadaan1 keg x 650.000,00 = 650.000,00
Honor penerima barang1 keg x 1.350.000,00 = 1.350.000,00"
"1.01 . 1.01.02 . 15.62 . 5.2.2 ","Belanja Barang dan Jasa ",501337500,576337500,75000000,14.96,
"1.01 . 1.01.02 . 15.62 . 5.2.2.01 ","Belanja Bahan Pakai Habis ",5600000,5600000,0,0,
"1.01 . 1.01.02 . 15.62 . 5.2.2.01.01 ","Belanja Alat Tulis Kantor ",5600000,5600000,0,0,"Belanja alat tulis kantor
ATK sekretariat1 keg x 1.872.000,00 = 1.872.000,00
ATK di 17 kecamatan1 keg x 3.400.000,00 = 3.400.000,001 keg x 328.000,00 = 328.000,00"
"1.01 . 1.01.02 . 15.62 . 5.2.2.11 ","Belanja Makanan Dan Minuman ",1837500,1837500,0,0,
"1.01 . 1.01.02 . 15.62 . 5.2.2.11.02 ","Belanja Makanan Dan Minuman Rapat ",1837500,1837500,0,0,"Belanja makanan dan minuman rapat1 keg x 1.837.500,00 = 1.837.500,00"
"1.01 . 1.01.02 . 15.62 . 5.2.2.23 ","Belanja Barang yang akan diserahkan kepada Masyarakat/ Pihak ketiga",0,75000000,75000000,0,
"1.01 . 1.01.02 . 15.62 . 5.2.2.23.01 ","Belanja Barang yang akan diserahkan kepada Masyarakat",0,75000000,75000000,0,"Belanja barang yang diserahkan kepada lembaga PAUD Non Formal
Belanja pengadaan buku ensiklopedia jenjang PAUD NOn Formal1 keg x 75.000.000,00 = 75.000.000,00"
"1.01 . 1.01.02 . 15.62 . 5.2.2.34 ","Honorarium Pelaksanaan Kegiatan ",493900000,493900000,0,0,
"1.01 . 1.01.02 . 15.62 . 5.2.2.34.10 ","Honorarium Penyelenggaraan Kegiatan ",493900000,493900000,0,0,"Honorarium Tim
Honor Tim penyusun kurikulum dan rencana kerja TK (1637 x 2 bulan x Rp.150.000)3,274 ob x 150.000,00 = 491.100.000,00
Honor tim sekretariat (14 x 2 x Rp.100.000)28 ob x 100.000,00 = 2.800.000,00"
"1.01 . 1.01.02 . 15.65 ","Publikasi dan Sosialisasi Pendidikan Anak Usia Dini ",0,47100000,47100000,0,"Sumber Dana : Dana Alokasi Umum (D A U)
Lokasi Kegiatan : Kabupaten Bantul"
"1.01 . 1.01.02 . 15.65 . 5.2.1 ","Belanja Pegawai ",0,1500000,1500000,0,
"1.01 . 1.01.02 . 15.65 . 5.2.1.01 ","Honorarium PNS ",0,1500000,1500000,0,
"1.01 . 1.01.02 . 15.65 . 5.2.1.01.01 ","Honorarium Panitia Pelaksana Kegiatan ",0,1500000,1500000,0,"Honor pelaksana kegiatan PUAD
Honor tim penaggungjawab kegiatan1 keg x 1.500.000,00 = 1.500.000,00"
"1.01 . 1.01.02 . 15.65 . 5.2.2 ","Belanja Barang dan Jasa ",0,45600000,45600000,0,
"1.01 . 1.01.02 . 15.65 . 5.2.2.03 ","Belanja Jasa Kantor ",0,500000,500000,0,
"1.01 . 1.01.02 . 15.65 . 5.2.2.03.13 ","Belanja Dokumentasi ",0,500000,500000,0,"Belanja Dokumentasi1 Keg x 500.000,00 = 500.000,00"
"1.01 . 1.01.02 . 15.65 . 5.2.2.06 ","Belanja Cetak/Penggandaan/Dokumentasi ",0,1250000,1250000,0,
"1.01 . 1.01.02 . 15.65 . 5.2.2.06.02 ","Belanja Penggandaan/Foto Copy ",0,1250000,1250000,0,"Belanja foto copy10,000 lbr x 125,00 = 1.250.000,00"
"1.01 . 1.01.02 . 15.65 . 5.2.2.11 ","Belanja Makanan Dan Minuman ",0,22750000,22750000,0,
"1.01 . 1.01.02 . 15.65 . 5.2.2.11.02 ","Belanja Makanan Dan Minuman Rapat ",0,5250000,5250000,0,"Belanja Makan Minum Rapat300 Org x 17.500,00 = 5.250.000,00"
"1.01 . 1.01.02 . 15.65 . 5.2.2.11.05 ","Belanja makanan dan minuman pelaksanaan kegiatan",0,17500000,17500000,0,"Belanja makan minum kegiatan350 org x 50.000,00 = 17.500.000,00"
"1.01 . 1.01.02 . 15.65 . 5.2.2.15 ","Belanja Perjalanan Dinas ",0,18650000,18650000,0,
"1.01 . 1.01.02 . 15.65 . 5.2.2.15.01 ","Belanja Perjalanan Dinas Dalam Daerah ",0,3650000,3650000,0,"Belanja Perjalanan Dinas Dalam Daerah
Golongan IV40 0rg x 50.000,00 = 2.000.000,00
Golongan III30 org x 40.000,00 = 1.200.000,00
Golongan II15 org x 30.000,00 = 450.000,00"
"1.01 . 1.01.02 . 15.65 . 5.2.2.15.02 ","Belanja Perjalanan Dinas Luar Daerah ",0,15000000,15000000,0,"Belanja Perjalanan Dinas Luar daerah1 Keg x 15.000.000,00 = 15.000.000,00"
"1.01 . 1.01.02 . 15.65 . 5.2.2.34 ","Honorarium Pelaksanaan Kegiatan ",0,2450000,2450000,0,
"1.01 . 1.01.02 . 15.65 . 5.2.2.34.01 ","Honorarium Nara Sumber/Moderator/Tenaga Ahli ",0,2450000,2450000,0,"Honor narasumber, moderator, dll
Honor narasumber7 org x 250.000,00 = 1.750.000,00
Honor moderator4 org x 100.000,00 = 400.000,00
Honor pembawa acara1 org x 100.000,00 = 100.000,00
Honor pemandu lagu1 org x 100.000,00 = 100.000,00
Honor pembaca do'a1 org x 100.000,00 = 100.000,00"
"1.01 . 1.01.02 . 15.66 ","Monitoring, Evaluasi Pendidikan Anak Usia Dini ",0,14612500,14612500,0,"Sumber Dana : Dana Alokasi Umum (D A U)
Lokasi Kegiatan : Kabupaten Bantul"
"1.01 . 1.01.02 . 15.66 . 5.2.1 ","Belanja Pegawai ",0,750000,750000,0,
"1.01 . 1.01.02 . 15.66 . 5.2.1.01 ","Honorarium PNS ",0,750000,750000,0,
"1.01 . 1.01.02 . 15.66 . 5.2.1.01.01 ","Honorarium Panitia Pelaksana Kegiatan ",0,750000,750000,0,"Belanja Honorarium Panitia Pelaksana Kegiatan
Honor tim kegiatan1 org/bjj x 750.000,00 = 750.000,00"
"1.01 . 1.01.02 . 15.66 . 5.2.2 ","Belanja Barang dan Jasa ",0,13862500,13862500,0,
"1.01 . 1.01.02 . 15.66 . 5.2.2.06 ","Belanja Cetak/Penggandaan/Dokumentasi ",0,725000,725000,0,
"1.01 . 1.01.02 . 15.66 . 5.2.2.06.02 ","Belanja Penggandaan/Foto Copy ",0,725000,725000,0,"Belanja Fotokopy
Belanja Foto copy3,000 lbr x 125,00 = 375.000,00
Belanja penggandaan1 keg x 350.000,00 = 350.000,00"
"1.01 . 1.01.02 . 15.66 . 5.2.2.11 ","Belanja Makanan Dan Minuman ",0,5187500,5187500,0,
"1.01 . 1.01.02 . 15.66 . 5.2.2.11.02 ","Belanja Makanan Dan Minuman Rapat ",0,2187500,2187500,0,"Belanja makan minum rapat125 org x 17.500,00 = 2.187.500,00"
"1.01 . 1.01.02 . 15.66 . 5.2.2.11.05 ","Belanja makanan dan minuman pelaksanaan kegiatan",0,3000000,3000000,0,"Belanja makan minum kegiatan
Belanja makan dan minum kegiatan120 org x 25.000,00 = 3.000.000,00"
"1.01 . 1.01.02 . 15.66 . 5.2.2.15 ","Belanja Perjalanan Dinas ",0,7950000,7950000,0,
"1.01 . 1.01.02 . 15.66 . 5.2.2.15.01 ","Belanja Perjalanan Dinas Dalam Daerah ",0,7950000,7950000,0,"Perjalanan dinas dalam daerahGolongan 480 org x 50.000,00 = 4.000.000,00
Golongan 380 org x 40.000,00 = 3.200.000,00
Golongan 225 org x 30.000,00 = 750.000,00"
"1.01 . 1.01.02 . 15.67 ","Peningkatan minat, bakat dan kreatifitas anak usia dini ",83375000,132500000,49125000,58.92,"Sumber Dana : Dana Alokasi Umum (D A U)
Lokasi Kegiatan : Kabupaten Bantul"
"1.01 . 1.01.02 . 15.67 . 5.2.1 ","Belanja Pegawai ",2225000,2225000,0,0,
"1.01 . 1.01.02 . 15.67 . 5.2.1.01 ","Honorarium PNS ",2225000,2225000,0,0,
"1.01 . 1.01.02 . 15.67 . 5.2.1.01.01 ","Honorarium Panitia Pelaksana Kegiatan ",2225000,2225000,0,0,"Honor panitia 19 hari1 tim/bjj x 2.225.000,00 = 2.225.000,00"
"1.01 . 1.01.02 . 15.67 . 5.2.2 ","Belanja Barang dan Jasa ",81150000,130275000,49125000,60.54,
"1.01 . 1.01.02 . 15.67 . 5.2.2.01 ","Belanja Bahan Pakai Habis ",2122500,2122500,0,0,
"1.01 . 1.01.02 . 15.67 . 5.2.2.01.01 ","Belanja Alat Tulis Kantor ",2122500,2122500,0,0,"Belanja ATK Kegiatan Lomba1 Keg x 2.122.500,00 = 2.122.500,00"
"1.01 . 1.01.02 . 15.67 . 5.2.2.02 ","Belanja Bahan/Material ",6040000,26040000,20000000,331.13,
"1.01 . 1.01.02 . 15.67 . 5.2.2.02.12 ","Belanja alat-alat/perlengkapan ",6040000,26040000,20000000,331.13,"Belanja bahan peningkatan minat, bakat, dan kreatifitas17 org x 320.000,00 = 5.440.000,00
Belanja Spanduk/Banner Lomba1 keg x 300.000,00 = 300.000,00
Dokumentasi Kegiatan Lomba1 keg x 300.000,00 = 300.000,00
Belanja bahan, alat dan kebutuhan penyelenggaraan Gebyar PAUD
Belanja atau sewa untuk bahan, alat dan kebutuhan perlengkapan penyelenggaraan Gebyar PAUD Kabupaten Bantul1 paket x 20.000.000,00 = 20.000.000,00"
"1.01 . 1.01.02 . 15.67 . 5.2.2.03 ","Belanja Jasa Kantor ",400000,5400000,5000000,1250,
"1.01 . 1.01.02 . 15.67 . 5.2.2.03.12 ","Belanja Transportasi dan Akomodasi ",0,5000000,5000000,0,"Belanja transportasi bagi rombongan Gebyar PAUD
Biaya transporatasi bagi kontingen Bantul ke tingkat Provinsi DIY500 anak x 10.000,00 = 5.000.000,00"
"1.01 . 1.01.02 . 15.67 . 5.2.2.03.15 ","Belanja Publikasi ",400000,400000,0,0,"Belanja publikasi
Belanja publikasi melalui media elektronik1 keg x 400.000,00 = 400.000,00"
"1.01 . 1.01.02 . 15.67 . 5.2.2.11 ","Belanja Makanan Dan Minuman ",11462500,26337500,14875000,129.77,
"1.01 . 1.01.02 . 15.67 . 5.2.2.11.02 ","Belanja Makanan Dan Minuman Rapat ",945000,1820000,875000,92.59,"MMR Lomba Gugus18 org x 17.500,00 = 315.000,00
MMR Lomba Krestifitas Guru dan Siswa
MMR Lomba Kreatifitas Guru dan Siswa18 org x 17.500,00 = 315.000,00
MMR Lomba Olimpiade Seni dan Sains Nasional TK18 org x 17.500,00 = 315.000,00
Makan dan minum rapat untuk kegiatan Gebyar PAUD
Makan dan minum rapat Gebyar PAUD50 org x 17.500,00 = 875.000,00"
"1.01 . 1.01.02 . 15.67 . 5.2.2.11.05 ","Belanja makanan dan minuman pelaksanaan kegiatan",10517500,24517500,14000000,133.11,"MMK Lomba Gugus 17 hari306 org x 17.500,00 = 5.355.000,00
MMK Lomba Kreatifitas Guru dan Siswa 1 hari
MMK Lomba Kraatifitas Guru dan Siswa 1 hari230 org x 17.500,00 = 4.025.000,00
MMK Lomba Olimpiade Sains dan Seni Nasional TK 1 hari
MMK Lomba Olimpiade Sains dan Seni Tingkat Nasional TK 1 hari65 org x 17.500,00 = 1.137.500,00
Belanja makan dan minum penyelenggaraan Gebyar PAUD
Belanja makan dan minum kegiatan untuk penyelenggaraan Gebyar PAUD800 org x 17.500,00 = 14.000.000,00"
"1.01 . 1.01.02 . 15.67 . 5.2.2.15 ","Belanja Perjalanan Dinas ",13750000,20500000,6750000,49.09,
"1.01 . 1.01.02 . 15.67 . 5.2.2.15.02 ","Belanja Perjalanan Dinas Luar Daerah ",13750000,20500000,6750000,49.09,"Belanja perjalanan dinas luar daerah untuk lomba maju ke tingkat nasional
Belanja perjalanan dinas untuk guru/kepala sekolah/murid/pengawas1 keg x 15.000.000,00 = 15.000.000,00
Biaya perjalanan dinas untuk lembaga2 org x 2.750.000,00 = 5.500.000,00"
"1.01 . 1.01.02 . 15.67 . 5.2.2.34 ","Honorarium Pelaksanaan Kegiatan ",26400000,26400000,0,0,
"1.01 . 1.01.02 . 15.67 . 5.2.2.34.01 ","Honorarium Nara Sumber/Moderator/Tenaga Ahli ",100000,100000,0,0,"Honor Narasumber Siaran Media Masa1 org x 100.000,00 = 100.000,00"
"1.01 . 1.01.02 . 15.67 . 5.2.2.34.02 ","Honorarium Yuri Perlombaan ",26300000,26300000,0,0,"Honor Yuri
Honor Yuri Lomba Gugus 17 x 13 x Rp. 100221 org x 100.000,00 = 22.100.000,00
Honor Yuri Kreatifitas Guru dan Siswa 11 hari33 org x 100.000,00 = 3.300.000,00
Yuri Olimpiade Seni dan Sains Nasional TK 1 hari9 org x 100.000,00 = 900.000,00"
"1.01 . 1.01.02 . 15.67 . 5.2.2.35 ","Uang Untuk Diberikan Kepada Pihak Ketiga/Masyarakat",20975000,23475000,2500000,11.92,
"1.01 . 1.01.02 . 15.67 . 5.2.2.35.01 ","Uang Untuk Diberikan Kepada Pihak Ketiga/Masyarakat",20975000,23475000,2500000,11.92,"Uang yang diberikan kepada masyarakat
Belanja hadiah dan penghargaan lomba gugus1 keg x 9.375.000,00 = 9.375.000,00
Belanja hadiah dan penghargaan lomba kreatifitas guru1 keg x 3.375.000,00 = 3.375.000,00
Belanja hadiah dan penghargaan lomba kreatifitas siswa1 keg x 3.150.000,00 = 3.150.000,00
Belanja hadiah dan penghargaan lomba OOSN TK1 keg x 1.575.000,00 = 1.575.000,00
Pemberian reward bagi peserta lomba yang berhasil meraih juara 1, 2, 3, 4, 5 nasional1 keg x 3.500.000,00 = 3.500.000,00
Pemberian cenderamata bagi anak peserta Gebyar PAUD
Belanja cenderamata bagi anak peserta Gebyar PAUD500 org x 5.000,00 = 2.500.000,00"
"1.01 . 1.01.02 . 15.69 ","Pengadaan APE bagi Lembaga PAUD ",170450000,227850000,57400000,33.68,"Sumber Dana : Dana Alokasi Umum (D A U)
Lokasi Kegiatan : Kabupaten Bantul"
"1.01 . 1.01.02 . 15.69 . 5.2.1 ","Belanja Pegawai ",5400000,5800000,400000,7.41,
"1.01 . 1.01.02 . 15.69 . 5.2.1.01 ","Honorarium PNS ",5400000,5800000,400000,7.41,
"1.01 . 1.01.02 . 15.69 . 5.2.1.01.01 ","Honorarium Panitia Pelaksana Kegiatan ",2300000,2300000,0,0,"Honor Panitia
Honor Panitia Pelaksana Kegiatan1 org/bjj x 2.300.000,00 = 2.300.000,00"
"1.01 . 1.01.02 . 15.69 . 5.2.1.01.02 ","Honorarium Tim Pengadaan Barang dan Jasa ",3100000,3500000,400000,12.9,"Hr Tim Pengadaan Barang dan Jasa
Honor Pejabat Pembuat Komitmen (PPK)1 org x 575.000,00 = 575.000,00
Honor panitia/pejabat pengadaan1 org/bjj x 500.000,00 = 500.000,00
Honor panitia penerima barang1 org/bjj x 1.475.000,00 = 1.475.000,00
Honor PPK APE PAUD Non Formal1 keg x 500.000,00 = 500.000,00
Honor pejabat pengadaan APE PAUD Non Formal1 keg x 450.000,00 = 450.000,00
Honor penerima barang APE PAUD Non Formal0 keg x 1.350.000,00 = 0,00"
"1.01 . 1.01.02 . 15.69 . 5.2.2 ","Belanja Barang dan Jasa ",165050000,222050000,57000000,34.53,
"1.01 . 1.01.02 . 15.69 . 5.2.2.01 ","Belanja Bahan Pakai Habis ",1095000,1095000,0,0,
"1.01 . 1.01.02 . 15.69 . 5.2.2.01.01 ","Belanja Alat Tulis Kantor ",1095000,1095000,0,0,"Belanja ATK1 keg x 1.095.000,00 = 1.095.000,00"
"1.01 . 1.01.02 . 15.69 . 5.2.2.11 ","Belanja Makanan Dan Minuman ",6875000,6875000,0,0,
"1.01 . 1.01.02 . 15.69 . 5.2.2.11.02 ","Belanja Makanan Dan Minuman Rapat ",3125000,3125000,0,0,"Belanja makan dan minum rapat125 box x 25.000,00 = 3.125.000,00"
"1.01 . 1.01.02 . 15.69 . 5.2.2.11.05 ","Belanja makanan dan minuman pelaksanaan kegiatan",3750000,3750000,0,0,"Belanja makan minum kegiatan
Belanja makan minum kegiatan sosialisasi/desiminasi APE150 doz x 25.000,00 = 3.750.000,00"
"1.01 . 1.01.02 . 15.69 . 5.2.2.15 ","Belanja Perjalanan Dinas ",6480000,11480000,5000000,77.16,
"1.01 . 1.01.02 . 15.69 . 5.2.2.15.01 ","Belanja Perjalanan Dinas Dalam Daerah ",1730000,1730000,0,0,"Perjalanan Dinas Dalam Daerah
Golongan IV15 org x 50.000,00 = 750.000,00
Golongan III17 org x 40.000,00 = 680.000,00
Golongan II10 org x 30.000,00 = 300.000,00"
"1.01 . 1.01.02 . 15.69 . 5.2.2.15.02 ","Belanja Perjalanan Dinas Luar Daerah ",4750000,9750000,5000000,105.26,"Biaya perjalan dinas luar daerah
Golongan 2, 3 dan atau 41 keg x 9.750.000,00 = 9.750.000,00"
"1.01 . 1.01.02 . 15.69 . 5.2.2.23 ","Belanja Barang yang akan diserahkan kepada Masyarakat/ Pihak ketiga",147500000,199500000,52000000,35.25,
"1.01 . 1.01.02 . 15.69 . 5.2.2.23.01 ","Belanja Barang yang akan diserahkan kepada Masyarakat",147500000,199500000,52000000,35.25,"Belanja barang yang akan diserahkan kepada masyarakat
Belanja pengadaan alat permainan edukatif (APE) luar ruangan bagi PAUD1 paket x 97.500.000,00 = 97.500.000,00
Belanja pengadaan alat permainan edukatif (APE) dalam ruangan bagi PAUD1 paket x 7.000.000,00 = 7.000.000,00
Belanja sarana peralatan dan kebutuhan lain-lain untuk lembaga PAUD1 paket x 0,00 = 0,00
Belanja pengadaan alat permainan edukatif (APE) bagi lembaga PAUD Non Formal1 keg x 95.000.000,00 = 95.000.000,00"
"1.01 . 1.01.02 . 15.69 . 5.2.2.34 ","Honorarium Pelaksanaan Kegiatan ",3100000,3100000,0,0,
"1.01 . 1.01.02 . 15.69 . 5.2.2.34.01 ","Honorarium Nara Sumber/Moderator/Tenaga Ahli ",3100000,3100000,0,0,"Honor
Honor narasumber5 org x 400.000,00 = 2.000.000,00
Honor moderator5 org x 150.000,00 = 750.000,00
Honor MC1 org x 150.000,00 = 150.000,00
Honr dirijen lagu1 org x 100.000,00 = 100.000,00
Honor pembaca do'a1 org x 100.000,00 = 100.000,00"
"1.01 . 1.01.02 . 15.70 ","Pelatihan Manajemen Kepala TK (PAUD Formal) ",0,30000000,30000000,0,"Sumber Dana : Dana Alokasi Umum (D A U)"
"1.01 . 1.01.02 . 15.70 . 5.2.1 ","Belanja Pegawai ",0,3000000,3000000,0,
"1.01 . 1.01.02 . 15.70 . 5.2.1.01 ","Honorarium PNS ",0,3000000,3000000,0,
"1.01 . 1.01.02 . 15.70 . 5.2.1.01.01 ","Honorarium Panitia Pelaksana Kegiatan ",0,3000000,3000000,0,"Honor Panitia Kegiatan1 keg x 3.000.000,00 = 3.000.000,00"
"1.01 . 1.01.02 . 15.70 . 5.2.2 ","Belanja Barang dan Jasa ",0,27000000,27000000,0,
"1.01 . 1.01.02 . 15.70 . 5.2.2.01 ","Belanja Bahan Pakai Habis ",0,6410000,6410000,0,
"1.01 . 1.01.02 . 15.70 . 5.2.2.01.01 ","Belanja Alat Tulis Kantor ",0,6410000,6410000,0,"Belanja ATK
Belanja ATK kegiatan1 keg x 1.370.000,00 = 1.370.000,00
Belanja ATK peserta280 set x 18.000,00 = 5.040.000,00"
"1.01 . 1.01.02 . 15.70 . 5.2.2.03 ","Belanja Jasa Kantor ",0,1770000,1770000,0,
"1.01 . 1.01.02 . 15.70 . 5.2.2.03.08 ","Belanja Sertifikasi ",0,1120000,1120000,0,"Belanja Sertifikat280 lembar x 4.000,00 = 1.120.000,00"
"1.01 . 1.01.02 . 15.70 . 5.2.2.03.13 ","Belanja Dokumentasi ",0,250000,250000,0,"Belanja Dokumentasi1 keg x 250.000,00 = 250.000,00"
"1.01 . 1.01.02 . 15.70 . 5.2.2.03.15 ","Belanja Publikasi ",0,400000,400000,0,"Belanja Publikasi/dekorasi/spanduk2 unit x 200.000,00 = 400.000,00"
"1.01 . 1.01.02 . 15.70 . 5.2.2.06 ","Belanja Cetak/Penggandaan/Dokumentasi ",0,2100000,2100000,0,
"1.01 . 1.01.02 . 15.70 . 5.2.2.06.02 ","Belanja Penggandaan/Foto Copy ",0,2100000,2100000,0,"Belanja Penggandaan/Foto Copy14,000 lembar x 150,00 = 2.100.000,00"
"1.01 . 1.01.02 . 15.70 . 5.2.2.07 ","Belanja Sewa Rumah/Gedung/Gudang/Parkir ",0,800000,800000,0,
"1.01 . 1.01.02 . 15.70 . 5.2.2.07.03 ","Belanja Sewa Ruang Rapat/Pertemuan ",0,800000,800000,0,"Belanja sewa ruang rapat/pertemuan1 keg x 800.000,00 = 800.000,00"
"1.01 . 1.01.02 . 15.70 . 5.2.2.11 ","Belanja Makanan Dan Minuman ",0,12520000,12520000,0,
"1.01 . 1.01.02 . 15.70 . 5.2.2.11.02 ","Belanja Makanan Dan Minuman Rapat ",0,1470000,1470000,0,"Belanja makan minum rapat84 org x 17.500,00 = 1.470.000,00"
"1.01 . 1.01.02 . 15.70 . 5.2.2.11.05 ","Belanja makanan dan minuman pelaksanaan kegiatan",0,11050000,11050000,0,"Belanja makan minum kegiatan340 org x 32.500,00 = 11.050.000,00"
"1.01 . 1.01.02 . 15.70 . 5.2.2.34 ","Honorarium Pelaksanaan Kegiatan ",0,3400000,3400000,0,
"1.01 . 1.01.02 . 15.70 . 5.2.2.34.10 ","Honorarium Penyelenggaraan Kegiatan ",0,3400000,3400000,0,"Honorarium penyelenggara kegiatan
Honor narasumber kegiatan9 jpl x 300.000,00 = 2.700.000,00
Honor moderator4 jpl x 175.000,00 = 700.000,00"
"1.01 . 1.01.02 . 15.71 ","Pemberdayaan Lembaga PAUD ",77512500,240512500,163000000,210.29,"Sumber Dana : Dana Alokasi Umum (D A U)
Lokasi Kegiatan : Bantul"
"1.01 . 1.01.02 . 15.71 . 5.2.1 ","Belanja Pegawai ",750000,750000,0,0,
"1.01 . 1.01.02 . 15.71 . 5.2.1.01 ","Honorarium PNS ",750000,750000,0,0,
"1.01 . 1.01.02 . 15.71 . 5.2.1.01.01 ","Honorarium Panitia Pelaksana Kegiatan ",750000,750000,0,0,"Honor panitia pelaksana kegiatan1 tim/bjj x 750.000,00 = 750.000,00"
"1.01 . 1.01.02 . 15.71 . 5.2.2 ","Belanja Barang dan Jasa ",76762500,239762500,163000000,212.34,
"1.01 . 1.01.02 . 15.71 . 5.2.2.01 ","Belanja Bahan Pakai Habis ",275000,275000,0,0,
"1.01 . 1.01.02 . 15.71 . 5.2.2.01.01 ","Belanja Alat Tulis Kantor ",275000,275000,0,0,"Belanja ATK
Belanja alat tulis kantor1 keg x 275.000,00 = 275.000,00"
"1.01 . 1.01.02 . 15.71 . 5.2.2.06 ","Belanja Cetak/Penggandaan/Dokumentasi ",225000,225000,0,0,
"1.01 . 1.01.02 . 15.71 . 5.2.2.06.02 ","Belanja Penggandaan/Foto Copy ",225000,225000,0,0,"Belanja penggandaan/foto copy1,500 lbr x 150,00 = 225.000,00"
"1.01 . 1.01.02 . 15.71 . 5.2.2.11 ","Belanja Makanan Dan Minuman ",262500,262500,0,0,
"1.01 . 1.01.02 . 15.71 . 5.2.2.11.02 ","Belanja Makanan Dan Minuman Rapat ",262500,262500,0,0,"Belanja makan minum rapat15 org x 17.500,00 = 262.500,00"
"1.01 . 1.01.02 . 15.71 . 5.2.2.30 ","Belanja Operasional Pendidikan ",76000000,239000000,163000000,214.47,
"1.01 . 1.01.02 . 15.71 . 5.2.2.30.01 ","Belanja Operasional Pendidikan PAUD ",76000000,239000000,163000000,214.47,"Pemberian bantuan operasional lembaga/organisasi PAUD
Belanja operasional penyelenggaraan lembaga/ organisasi PAUD (GOPTKI)1 keg x 85.000.000,00 = 85.000.000,00
Belanja operasional penyelenggaraan lembaga/organisasi PAUD (HIMPAUDI) Tingkat Kabupaten1 keg x 50.000.000,00 = 50.000.000,00
Belanja operasional penyelenggaraan lembaga/organisasi PAUD (IGTKI)1 keg x 2.000.000,00 = 2.000.000,00
Belanja operasional penyelenggaraan lembaga/organisasi PAUD (HIMPAUDI) Tingkat Kecamatan1 kec x 102.000.000,00 = 102.000.000,00"
"1.01 . 1.01.02 . 15.72 ","Penyediaan Sarana, Perlengkapan dan Kebutuhan Lembaga PAUD ",71725000,0,-71725000,-100,"Sumber Dana : Dana Alokasi Umum (D A U)"
"1.01 . 1.01.02 . 15.72 . 5.2.1 ","Belanja Pegawai ",750000,0,-750000,-100,
"1.01 . 1.01.02 . 15.72 . 5.2.1.01 ","Honorarium PNS ",750000,0,-750000,-100,
"1.01 . 1.01.02 . 15.72 . 5.2.1.01.01 ","Honorarium Panitia Pelaksana Kegiatan ",750000,0,-750000,-100,"Honorarium panitia pelaksanaHonor paniitia"
"1.01 . 1.01.02 . 15.72 . 5.2.2 ","Belanja Barang dan Jasa ",70975000,0,-70975000,-100,
"1.01 . 1.01.02 . 15.72 . 5.2.2.01 ","Belanja Bahan Pakai Habis ",4000000,0,-4000000,-100,
"1.01 . 1.01.02 . 15.72 . 5.2.2.01.01 ","Belanja Alat Tulis Kantor ",4000000,0,-4000000,-100,"Belanja ATKBelanja ATK peserta"
"1.01 . 1.01.02 . 15.72 . 5.2.2.06 ","Belanja Cetak/Penggandaan/Dokumentasi ",225000,0,-225000,-100,
"1.01 . 1.01.02 . 15.72 . 5.2.2.06.02 ","Belanja Penggandaan/Foto Copy ",225000,0,-225000,-100,"Belanja penggandaan/fotocopy"
"1.01 . 1.01.02 . 15.72 . 5.2.2.11 ","Belanja Makanan Dan Minuman ",3850000,0,-3850000,-100,
"1.01 . 1.01.02 . 15.72 . 5.2.2.11.02 ","Belanja Makanan Dan Minuman Rapat ",1575000,0,-1575000,-100,"Belanja makan minum rapat"
"1.01 . 1.01.02 . 15.72 . 5.2.2.11.05 ","Belanja makanan dan minuman pelaksanaan kegiatan",2275000,0,-2275000,-100,"Belanja makan dan minum
Belanja makan dan minum kegiatan"
"1.01 . 1.01.02 . 15.72 . 5.2.2.15 ","Belanja Perjalanan Dinas ",24000000,0,-24000000,-100,
"1.01 . 1.01.02 . 15.72 . 5.2.2.15.01 ","Belanja Perjalanan Dinas Dalam Daerah ",24000000,0,-24000000,-100,"Belanja perjalanan dinas dalam daerah (untuk verifikasi lapangan terhadap proposal bantuan dan hibah)
Golongan IVGolongan IIIGolongan II"
"1.01 . 1.01.02 . 15.72 . 5.2.2.23 ","Belanja Barang yang akan diserahkan kepada Masyarakat/ Pihak ketiga",35000000,0,-35000000,-100,
"1.01 . 1.01.02 . 15.72 . 5.2.2.23.01 ","Belanja Barang yang akan diserahkan kepada Masyarakat",35000000,0,-35000000,-100,"Belanja barang yang akan diserahkan kepada masyarakat
Belanja sarana, perlengkapan dan kebutuhan lembaga PAUD Non Formal (KB, TPA, SPS  dll..)"
"1.01 . 1.01.02 . 15.72 . 5.2.2.34 ","Honorarium Pelaksanaan Kegiatan ",3900000,0,-3900000,-100,
"1.01 . 1.01.02 . 15.72 . 5.2.2.34.01 ","Honorarium Nara Sumber/Moderator/Tenaga Ahli ",3900000,0,-3900000,-100,"Honor narasumber/moderator/tanaga ahli
Honor narasumberHonor moderatorHonor MCHonor dirijen/pemandu nyanyiHonor pembaca do'a"
"1.01 . 1.01.02 . 15.73 ","Diklat Dasar Pendidik PAUD Non Formal ",50000000,50000000,0,0,"Sumber Dana : Dana Alokasi Umum (D A U)
Lokasi Kegiatan : Kab. Bantul"
"1.01 . 1.01.02 . 15.73 . 5.2.1 ","Belanja Pegawai ",1000000,1000000,0,0,
"1.01 . 1.01.02 . 15.73 . 5.2.1.01 ","Honorarium PNS ",1000000,1000000,0,0,
"1.01 . 1.01.02 . 15.73 . 5.2.1.01.01 ","Honorarium Panitia Pelaksana Kegiatan ",1000000,1000000,0,0,"Honor panitia kegiatan1 keg/bjj x 1.000.000,00 = 1.000.000,00"
"1.01 . 1.01.02 . 15.73 . 5.2.2 ","Belanja Barang dan Jasa ",49000000,49000000,0,0,
"1.01 . 1.01.02 . 15.73 . 5.2.2.01 ","Belanja Bahan Pakai Habis ",4805000,4805000,0,0,
"1.01 . 1.01.02 . 15.73 . 5.2.2.01.01 ","Belanja Alat Tulis Kantor ",4805000,4805000,0,0,"Belanja ATK
Belanja ATK kegiatan1 keg x 1.930.000,00 = 1.930.000,00
Belanja ATK peserta50 org x 57.500,00 = 2.875.000,00"
"1.01 . 1.01.02 . 15.73 . 5.2.2.03 ","Belanja Jasa Kantor ",1250000,1250000,0,0,
"1.01 . 1.01.02 . 15.73 . 5.2.2.03.08 ","Belanja Sertifikasi ",350000,350000,0,0,"Belanja sertifikat50 lbr x 7.000,00 = 350.000,00"
"1.01 . 1.01.02 . 15.73 . 5.2.2.03.13 ","Belanja Dokumentasi ",400000,400000,0,0,"Belanja dokumentasi1 keg x 400.000,00 = 400.000,00"
"1.01 . 1.01.02 . 15.73 . 5.2.2.03.15 ","Belanja Publikasi ",500000,500000,0,0,"Belanja publikasi/dekorasi/spanduk2 keg x 250.000,00 = 500.000,00"
"1.01 . 1.01.02 . 15.73 . 5.2.2.06 ","Belanja Cetak/Penggandaan/Dokumentasi ",6750000,6750000,0,0,
"1.01 . 1.01.02 . 15.73 . 5.2.2.06.02 ","Belanja Penggandaan/Foto Copy ",6750000,6750000,0,0,"Belanja penggandaan/fotocopy45,000 lbr x 150,00 = 6.750.000,00"
"1.01 . 1.01.02 . 15.73 . 5.2.2.07 ","Belanja Sewa Rumah/Gedung/Gudang/Parkir ",4800000,4800000,0,0,
"1.01 . 1.01.02 . 15.73 . 5.2.2.07.03 ","Belanja Sewa Ruang Rapat/Pertemuan ",4800000,4800000,0,0,"Belanja sewa ruang rapat/pertemuan
Belanja ruang rapat/pertemuan6 hr x 800.000,00 = 4.800.000,00"
"1.01 . 1.01.02 . 15.73 . 5.2.2.11 ","Belanja Makanan Dan Minuman ",16695000,16695000,0,0,
"1.01 . 1.01.02 . 15.73 . 5.2.2.11.02 ","Belanja Makanan Dan Minuman Rapat ",525000,525000,0,0,"Belanja makan minum rapat30 dos x 17.500,00 = 525.000,00"
"1.01 . 1.01.02 . 15.73 . 5.2.2.11.05 ","Belanja makanan dan minuman pelaksanaan kegiatan",16170000,16170000,0,0,"Belanja makan minum kegiatan420 porsi x 38.500,00 = 16.170.000,00"
"1.01 . 1.01.02 . 15.73 . 5.2.2.34 ","Honorarium Pelaksanaan Kegiatan ",14700000,14700000,0,0,
"1.01 . 1.01.02 . 15.73 . 5.2.2.34.01 ","Honorarium Nara Sumber/Moderator/Tenaga Ahli ",2700000,2700000,0,0,"Honor moderator
Honor moderator (3 x 6 hari x Rp. 150.000)18 org x 150.000,00 = 2.700.000,00"
"1.01 . 1.01.02 . 15.73 . 5.2.2.34.10 ","Honorarium Penyelenggaraan Kegiatan ",12000000,12000000,0,0,"Honor narasumber60 jpl x 200.000,00 = 12.000.000,00"
"1.01 . 1.01.02 . 16 ","Program Wajib Belajar Pendidikan Dasar Sembilan Tahun",161700000,161700000,0,0,
"1.01 . 1.01.02 . 16.67 ","Penyelenggaraan Paket A Setara SD ",80700000,80700000,0,0,"Sumber Dana : Dana Alokasi Umum (D A U)
Lokasi Kegiatan : Kab Bantul"
"1.01 . 1.01.02 . 16.67 . 5.2.1 ","Belanja Pegawai ",63730000,63730000,0,0,
"1.01 . 1.01.02 . 16.67 . 5.2.1.01 ","Honorarium PNS ",730000,730000,0,0,
"1.01 . 1.01.02 . 16.67 . 5.2.1.01.01 ","Honorarium Panitia Pelaksana Kegiatan ",730000,730000,0,0,"Honorarium Panitia Pelaksana Kegiatan1 keg x 730.000,00 = 730.000,00"
"1.01 . 1.01.02 . 16.67 . 5.2.1.02 ","Honorarium Non PNS ",63000000,63000000,0,0,
"1.01 . 1.01.02 . 16.67 . 5.2.1.02.02 ","Honorarium Pegawai Honorer/Tidak Tetap ",63000000,63000000,0,0,"Honorarium Pegawai 
Honorer/Pegawai Tidak Tetap420 org x 150.000,00 = 63.000.000,00"
"1.01 . 1.01.02 . 16.67 . 5.2.2 ","Belanja Barang dan Jasa ",16970000,16970000,0,0,
"1.01 . 1.01.02 . 16.67 . 5.2.2.01 ","Belanja Bahan Pakai Habis ",465000,465000,0,0,
"1.01 . 1.01.02 . 16.67 . 5.2.2.01.01 ","Belanja Alat Tulis Kantor ",465000,465000,0,0,"Belanja Alat Tulis Kantor1 keg x 465.000,00 = 465.000,00"
"1.01 . 1.01.02 . 16.67 . 5.2.2.11 ","Belanja Makanan Dan Minuman ",1125000,1125000,0,0,
"1.01 . 1.01.02 . 16.67 . 5.2.2.11.02 ","Belanja Makanan Dan Minuman Rapat ",1125000,1125000,0,0,"Belanja Makan dan Minuman Rapat45 box x 25.000,00 = 1.125.000,00"
"1.01 . 1.01.02 . 16.67 . 5.2.2.15 ","Belanja Perjalanan Dinas ",1380000,1380000,0,0,
"1.01 . 1.01.02 . 16.67 . 5.2.2.15.01 ","Belanja Perjalanan Dinas Dalam Daerah ",1380000,1380000,0,0,"Belanja Perjalanan Dinas Dalam Daerah
Belanja Perjalanan Dinas Dalam Daerah Gol. IV8 or x 50.000,00 = 400.000,00
Belanja Perjalanan Dinas Dalam Daerah Gol. III17 or x 40.000,00 = 680.000,00
Belanja Perjalanan Dinas Dalam Daerah Gol. II10 or x 30.000,00 = 300.000,00"
"1.01 . 1.01.02 . 16.67 . 5.2.2.30 ","Belanja Operasional Pendidikan ",14000000,14000000,0,0,
"1.01 . 1.01.02 . 16.67 . 5.2.2.30.06 ","Belanja Operasional Pendidikan Kejar Paket ",14000000,14000000,0,0,"Belanja operasional Pendidikan Kejar Paket A
Belanja operasional Pendidikan Kejar Paket A KF7 lembaga x 2.000.000,00 = 14.000.000,00"
"1.01 . 1.01.02 . 16.68 ","Penyelenggaraan Paket B Setara SMP ",81000000,81000000,0,0,"Sumber Dana : Dana Alokasi Umum (D A U)
Lokasi Kegiatan : Kab. Bantul"
"1.01 . 1.01.02 . 16.68 . 5.2.1 ","Belanja Pegawai ",65530000,65530000,0,0,
"1.01 . 1.01.02 . 16.68 . 5.2.1.01 ","Honorarium PNS ",730000,730000,0,0,
"1.01 . 1.01.02 . 16.68 . 5.2.1.01.01 ","Honorarium Panitia Pelaksana Kegiatan ",730000,730000,0,0,"Honorarium Panitia Pelaksana Kegiatan1 keg x 730.000,00 = 730.000,00"
"1.01 . 1.01.02 . 16.68 . 5.2.1.02 ","Honorarium Non PNS ",64800000,64800000,0,0,
"1.01 . 1.01.02 . 16.68 . 5.2.1.02.02 ","Honorarium Pegawai Honorer/Tidak Tetap ",64800000,64800000,0,0,"Honorarium Pegawai Tidak Tetap432 org x 150.000,00 = 64.800.000,00"
"1.01 . 1.01.02 . 16.68 . 5.2.2 ","Belanja Barang dan Jasa ",15470000,15470000,0,0,
"1.01 . 1.01.02 . 16.68 . 5.2.2.01 ","Belanja Bahan Pakai Habis ",240000,240000,0,0,
"1.01 . 1.01.02 . 16.68 . 5.2.2.01.01 ","Belanja Alat Tulis Kantor ",240000,240000,0,0,"Belanja ATK1 keg x 240.000,00 = 240.000,00"
"1.01 . 1.01.02 . 16.68 . 5.2.2.11 ","Belanja Makanan Dan Minuman ",1550000,1550000,0,0,
"1.01 . 1.01.02 . 16.68 . 5.2.2.11.02 ","Belanja Makanan Dan Minuman Rapat ",1550000,1550000,0,0,"Belanja Makan dan Minum Rapat62 box x 25.000,00 = 1.550.000,00"
"1.01 . 1.01.02 . 16.68 . 5.2.2.15 ","Belanja Perjalanan Dinas ",1680000,1680000,0,0,
"1.01 . 1.01.02 . 16.68 . 5.2.2.15.01 ","Belanja Perjalanan Dinas Dalam Daerah ",1680000,1680000,0,0,"Belanja Perjalanan Dinas Dalam Daerah
Belanja Perjalanan Dinas Dalam Daerah Gol. IV12 org x 50.000,00 = 600.000,00
Belanja Perjalanan Dinas Dalam Daerah Gol. III18 org x 40.000,00 = 720.000,00
Belanja Perjalanan Dinas Dalam Daerah Gol. II12 org x 30.000,00 = 360.000,00"
"1.01 . 1.01.02 . 16.68 . 5.2.2.30 ","Belanja Operasional Pendidikan ",12000000,12000000,0,0,
"1.01 . 1.01.02 . 16.68 . 5.2.2.30.06 ","Belanja Operasional Pendidikan Kejar Paket ",12000000,12000000,0,0,"Belanja operasional Pendidikan Kejar Paket B
Belanja operasional Kejar Paket B6 lembaga x 2.000.000,00 = 12.000.000,00"
"1.01 . 1.01.02 . 17 ","Program Pendidikan Menengah ",29882814003,39854191051,9971377048,33.37,
"1.01 . 1.01.02 . 17.03 ","Penambahan Ruang Kelas Sekolah ",2384912500,2678492498,293579998,12.31,"Sumber Dana :
 Lokasi Kegiatan : Kab. Bantul"
"1.01 . 1.01.02 . 17.03 . 5.2.1 ","Belanja Pegawai ",1250000,1250000,0,0,
"1.01 . 1.01.02 . 17.03 . 5.2.1.01 ","Honorarium PNS ",1250000,1250000,0,0,
"1.01 . 1.01.02 . 17.03 . 5.2.1.01.01 ","Honorarium Panitia Pelaksana Kegiatan ",1250000,1250000,0,0,"Honor panitia
Honor panitia pelaksana1 tim/bjj x 1.250.000,00 = 1.250.000,00"
"1.01 . 1.01.02 . 17.03 . 5.2.2 ","Belanja Barang dan Jasa ",3562500,3562500,0,0,
"1.01 . 1.01.02 . 17.03 . 5.2.2.01 ","Belanja Bahan Pakai Habis ",500000,500000,0,0,
"1.01 . 1.01.02 . 17.03 . 5.2.2.01.01 ","Belanja Alat Tulis Kantor ",500000,500000,0,0,"Belanja ATK1 keg x 500.000,00 = 500.000,00"
"1.01 . 1.01.02 . 17.03 . 5.2.2.11 ","Belanja Makanan Dan Minuman ",3062500,3062500,0,0,
"1.01 . 1.01.02 . 17.03 . 5.2.2.11.02 ","Belanja Makanan Dan Minuman Rapat ",2187500,2187500,0,0,"Belanja makan minum rapat125 org x 17.500,00 = 2.187.500,00"
"1.01 . 1.01.02 . 17.03 . 5.2.2.11.05 ","Belanja makanan dan minuman pelaksanaan kegiatan",875000,875000,0,0,"Belanja makan dan minum sosialisasi50 org x 17.500,00 = 875.000,00"
"1.01 . 1.01.02 . 17.03 . 5.2.3 ","Belanja Modal ",2380100000,2673679998,293579998,12.33,
"1.01 . 1.01.02 . 17.03 . 5.2.3.26 ","Belanja Modal Pengadaan Konstruksi/Pembelian Bangunan",2380100000,2673679998,293579998,12.33,
"1.01 . 1.01.02 . 17.03 . 5.2.3.26.16 ","Belanja Modal Pengadaan Konstruksi/Pembelian Gedung Pendidikan",2380100000,2673679998,293579998,12.33,"Belanja Modal Pengadaan Konstruksi/Pembelian Gedung Pendidikan di SMAN 1 Bantul (DID)
Pembangunan ruang kelas beserta perabotnya di SMAN 1 Bantul (DID)9 pakt/ruang x 262.222.222,00 = 2.359.999.998,00
Honor PPK1 org x 1.000.000,00 = 1.000.000,00
Honor panitia pengadaan1 tim/bjj x 2.000.000,00 = 2.000.000,00
Honor penerima barang1 tim/bjj x 1.000.000,00 = 1.000.000,00
Honor perencana bangunan1 org x 7.500.000,00 = 7.500.000,00
Honor pengawas bangunan/tim teknis1 tim/org x 5.000.000,00 = 5.000.000,00
Honor tim monotoring8 org x 300.000,00 = 2.400.000,00
Honor narasumber sosialisasi4 org x 300.000,00 = 1.200.000,00
Belanja Modal Pengadaan Konstruksi/Pembelian Gedung Pendidikan (DAK 2014)
Belanja upah pekerja bangunan dan perabot untuk pembangunan ruang kelas baru (DAK 2014)
- SMA N 1 Imogiri- SMA N 1 Kretek2 paket x 51.376.500,00 = 102.753.000,00
Belanja Bahan/Material dan perabot untuk pembangunan ruang kelas baru  (DAK 2014)
- SMA N 1 Imogiri- SMA N 1 Kretek2 paket x 95.413.500,00 = 190.827.000,00"
"1.01 . 1.01.02 . 17.04 ","Penambahan Ruang Guru Sekolah ",0,0,0,0,"Sumber Dana : Dana Alokasi Khusus (D A K)
Lokasi Kegiatan : Bantul"
"1.01 . 1.01.02 . 17.04 . 5.2.3 ","Belanja Modal ",0,0,0,0,
"1.01 . 1.01.02 . 17.04 . 5.2.3.26 ","Belanja Modal Pengadaan Konstruksi/Pembelian Bangunan",0,0,0,0,
"1.01 . 1.01.02 . 17.04 . 5.2.3.26.16 ","Belanja Modal Pengadaan Konstruksi/Pembelian Gedung Pendidikan",0,0,0,0,"Belanja modal pembangunan ruang penunjang/ruang guru
Belanja bahan bangunan, perabot ruang  guru SMAN 1 Jetis1 paket x 0,00 = 0,00
Upah pekerja bangunan, perabot ruang guru SMAN 1 Jetis1 pekt x 0,00 = 0,00"
"1.01 . 1.01.02 . 17.05 ","Pembangunan Laboratorium dan Ruang Pratikum Sekolah (Labotatorium Bahasa, Komputer, IPA, IPS dan Lain-Lain)",244930000,255782000,10852000,4.43,"Sumber Dana : Dana Alokasi Khusus (D A K)
Lokasi Kegiatan : Kab. Bantul"
"1.01 . 1.01.02 . 17.05 . 5.2.1 ","Belanja Pegawai ",99745000,0,-99745000,-100,
"1.01 . 1.01.02 . 17.05 . 5.2.1.01 ","Honorarium PNS ",3785000,0,-3785000,-100,
"1.01 . 1.01.02 . 17.05 . 5.2.1.01.01 ","Honorarium Panitia Pelaksana Kegiatan ",3210000,0,-3210000,-100,"Honor panitia pelaksana kegiatan1 org/bjj x 0,00 = 0,00
TPK Tim peneliti SPJ2 oh x 0,00 = 0,00
TPK Tim Monev2 oh x 0,00 = 0,00
TPK Tim Teknis Bangunan1 org/bjj x 0,00 = 0,00"
"1.01 . 1.01.02 . 17.05 . 5.2.1.01.02 ","Honorarium Tim Pengadaan Barang dan Jasa ",575000,0,-575000,-100,"Honor tim pengadaan barang dan jasa
Honor pejabat pembuat komitmen1 org x 0,00 = 0,00"
"1.01 . 1.01.02 . 17.05 . 5.2.1.02 ","Honorarium Non PNS ",95960000,0,-95960000,-100,
"1.01 . 1.01.02 . 17.05 . 5.2.1.02.02 ","Honorarium Pegawai Honorer/Tidak Tetap ",95960000,0,-95960000,-100,"Honor perencana pembangunan laboratorium SMA
Honorraium perencana pembangunan laboratorium SMA1 paket x 0,00 = 0,00
Upah pekerja bangunan dan perabot pembangunan laboratorium SMA1 paket x 0,00 = 0,00"
"1.01 . 1.01.02 . 17.05 . 5.2.2 ","Belanja Barang dan Jasa ",145185000,0,-145185000,-100,
"1.01 . 1.01.02 . 17.05 . 5.2.2.01 ","Belanja Bahan Pakai Habis ",400000,0,-400000,-100,
"1.01 . 1.01.02 . 17.05 . 5.2.2.01.01 ","Belanja Alat Tulis Kantor ",400000,0,-400000,-100,"Belanja ATK1 ls x 0,00 = 0,00"
"1.01 . 1.01.02 . 17.05 . 5.2.2.02 ","Belanja Bahan/Material ",139440000,0,-139440000,-100,
"1.01 . 1.01.02 . 17.05 . 5.2.2.02.01 ","Belanja Bahan Baku untuk Bangunan / Kegiatan Pelayanan / Kegiatan Operasi",139440000,0,-139440000,-100,"Belanja bahan bangunan dan bahan perabot pembangunan laboratorium SMA1 paket x 0,00 = 0,00"
"1.01 . 1.01.02 . 17.05 . 5.2.2.03 ","Belanja Jasa Kantor ",200000,0,-200000,-100,
"1.01 . 1.01.02 . 17.05 . 5.2.2.03.13 ","Belanja Dokumentasi ",200000,0,-200000,-100,"Belanja dokumentasi1 ls x 0,00 = 0,00"
"1.01 . 1.01.02 . 17.05 . 5.2.2.06 ","Belanja Cetak/Penggandaan/Dokumentasi ",125000,0,-125000,-100,
"1.01 . 1.01.02 . 17.05 . 5.2.2.06.02 ","Belanja Penggandaan/Foto Copy ",125000,0,-125000,-100,"Belanja foto copy1,000 lembar x 0,00 = 0,00"
"1.01 . 1.01.02 . 17.05 . 5.2.2.11 ","Belanja Makanan Dan Minuman ",1750000,0,-1750000,-100,
"1.01 . 1.01.02 . 17.05 . 5.2.2.11.02 ","Belanja Makanan Dan Minuman Rapat ",875000,0,-875000,-100,"Belanja makan minum rapat50 org x 0,00 = 0,00"
"1.01 . 1.01.02 . 17.05 . 5.2.2.11.05 ","Belanja makanan dan minuman pelaksanaan kegiatan",875000,0,-875000,-100,"Belanja makan minum kegiatan sosialisasi
Belanja makan minum kegiatan sosialisasi (DAK)50 org x 0,00 = 0,00"
"1.01 . 1.01.02 . 17.05 . 5.2.2.15 ","Belanja Perjalanan Dinas ",1020000,0,-1020000,-100,
"1.01 . 1.01.02 . 17.05 . 5.2.2.15.01 ","Belanja Perjalanan Dinas Dalam Daerah ",1020000,0,-1020000,-100,"Biaya perjalanan dinas dalam kabupatenGolongan 410 oj x 0,00 = 0,00
Golongan 310 oj x 0,00 = 0,00
Golongan 24 oj x 0,00 = 0,00"
"1.01 . 1.01.02 . 17.05 . 5.2.2.34 ","Honorarium Pelaksanaan Kegiatan ",2250000,0,-2250000,-100,
"1.01 . 1.01.02 . 17.05 . 5.2.2.34.01 ","Honorarium Nara Sumber/Moderator/Tenaga Ahli ",2250000,0,-2250000,-100,"Honor narasumber dan moderator
Honor narasumber5 org x 0,00 = 0,00
Honor moderator5 org x 0,00 = 0,00"
"1.01 . 1.01.02 . 17.05 . 5.2.3 ","Belanja Modal ",0,255782000,255782000,0,
"1.01 . 1.01.02 . 17.05 . 5.2.3.26 ","Belanja Modal Pengadaan Konstruksi/Pembelian Bangunan",0,255782000,255782000,0,
"1.01 . 1.01.02 . 17.05 . 5.2.3.26.08 ","Belanja Modal Pengadaan Konstruksi/Pembelian Gedung Laboratorium",0,255782000,255782000,0,"Belanja Modal Pengadaan Konstruksi/Pembelian Gedung Laboratorium beserta Perabotnya untuk SMA N 1 Imogiri (DAK)
Upah pekerja bangunan dan perabot pembangunan laboratorium SMA N 1 Imogiri1 paket x 85.138.200,00 = 85.138.200,00
Belanja bahan bangunan dan bahan perabot pembangunan laboratorium SMA SMA N 1 Imogiri1 paket x 158.113.800,00 = 158.113.800,00
Honor panitia pelaksana kegiatan1 org/bjj x 1.110.000,00 = 1.110.000,00
TPK Tim peneliti SPJ2 oh x 150.000,00 = 300.000,00
TPK Tim Monev2 oh x 150.000,00 = 300.000,00
TPK Tim Teknis Bangunan1 org/bjj x 1.500.000,00 = 1.500.000,00
Honor pejabat pembuat komitmen1 org x 575.000,00 = 575.000,00
Honor perencana pembangunan laboratorium SMA1 paket x 3.000.000,00 = 3.000.000,00
Belanja ATK1 ls x 400.000,00 = 400.000,00Belanja dokumentasi1 ls x 200.000,00 = 200.000,00
Belanja foto copy1,000 lembar x 125,00 = 125.000,00
Belanja makan minum rapat50 org x 17.500,00 = 875.000,00
Belanja makan minum kegiatan sosialisasi (DAK)50 org x 17.500,00 = 875.000,00
Biaya perjalanan dinas dalam kabupaten1 kegiatan x 1.020.000,00 = 1.020.000,00
Honor narasumber5 org x 300.000,00 = 1.500.000,00
Honor moderator5 org x 150.000,00 = 750.000,00"
"1.01 . 1.01.02 . 17.12 ","Pembangunan Pepustakaan Sekolah ",1627617500,1833153500,205536000,12.63,"Sumber Dana : Dana Alokasi Khusus (D A K)
Lokasi Kegiatan : Kab. Bantul"
"1.01 . 1.01.02 . 17.12 . 5.2.1 ","Belanja Pegawai ",161870000,2510000,-159360000,-98.45,
"1.01 . 1.01.02 . 17.12 . 5.2.1.01 ","Honorarium PNS ",2510000,2510000,0,0,
"1.01 . 1.01.02 . 17.12 . 5.2.1.01.01 ","Honorarium Panitia Pelaksana Kegiatan ",1860000,1860000,0,0,"Honor panitia pelaksana kegiatan1 org/bjj x 1.110.000,00 = 1.110.000,00
TPK Tim peneliti SPJ2 orang x 150.000,00 = 300.000,00
TPK Tim Monev3 orang x 150.000,00 = 450.000,00"
"1.01 . 1.01.02 . 17.12 . 5.2.1.01.02 ","Honorarium Tim Pengadaan Barang dan Jasa ",650000,650000,0,0,"Honor tim pengadaan barang dan jasa
Honor pejabat pembuat komitmen1 org x 650.000,00 = 650.000,00"
"1.01 . 1.01.02 . 17.12 . 5.2.1.02 ","Honorarium Non PNS ",159360000,0,-159360000,-100,
"1.01 . 1.01.02 . 17.12 . 5.2.1.02.02 ","Honorarium Pegawai Honorer/Tidak Tetap ",159360000,0,-159360000,-100,"Upah pekerja bangunan dan perabotnya pembangunan perpustakaan SMA (DAK)
Upah pekerja bangunan dan pekerja perabot pembangunan perpustakaan SMA (DAK)2 paket x 0,00 = 0,00"
"1.01 . 1.01.02 . 17.12 . 5.2.2 ","Belanja Barang dan Jasa ",262072500,23032500,-239040000,-91.21,
"1.01 . 1.01.02 . 17.12 . 5.2.2.01 ","Belanja Bahan Pakai Habis ",400000,400000,0,0,
"1.01 . 1.01.02 . 17.12 . 5.2.2.01.01 ","Belanja Alat Tulis Kantor ",400000,400000,0,0,"Belanja ATK1 ls x 400.000,00 = 400.000,00"
"1.01 . 1.01.02 . 17.12 . 5.2.2.02 ","Belanja Bahan/Material ",239040000,0,-239040000,-100,
"1.01 . 1.01.02 . 17.12 . 5.2.2.02.01 ","Belanja Bahan Baku untuk Bangunan / Kegiatan Pelayanan / Kegiatan Operasi",239040000,0,-239040000,-100,"Belanja bahan baku (DAK 2014 swakelola)
Belanja bahan bangunan dan bahan perabot  pembangunan perpustakaan SMA (DAK 2014 swakelola)2 paket x 0,00 = 0,00"
"1.01 . 1.01.02 . 17.12 . 5.2.2.03 ","Belanja Jasa Kantor ",200000,200000,0,0,
"1.01 . 1.01.02 . 17.12 . 5.2.2.03.13 ","Belanja Dokumentasi ",200000,200000,0,0,"Belanja dokumentasi1 ls x 200.000,00 = 200.000,00"
"1.01 . 1.01.02 . 17.12 . 5.2.2.06 ","Belanja Cetak/Penggandaan/Dokumentasi ",312500,312500,0,0,
"1.01 . 1.01.02 . 17.12 . 5.2.2.06.02 ","Belanja Penggandaan/Foto Copy ",312500,312500,0,0,"Belanja foto copy2,500 lembar x 125,00 = 312.500,00"
"1.01 . 1.01.02 . 17.12 . 5.2.2.11 ","Belanja Makanan Dan Minuman ",3500000,3500000,0,0,
"1.01 . 1.01.02 . 17.12 . 5.2.2.11.02 ","Belanja Makanan Dan Minuman Rapat ",2187500,2187500,0,0,"Belanja makan minum rapat
Belanja makan minum rapat (DAK)125 oh x 17.500,00 = 2.187.500,00"
"1.01 . 1.01.02 . 17.12 . 5.2.2.11.05 ","Belanja makanan dan minuman pelaksanaan kegiatan",1312500,1312500,0,0,"Belanja makan minum kegiatan
Belanja makan minum kegiatan sosialisasi (DAK)75 oh x 17.500,00 = 1.312.500,00"
"1.01 . 1.01.02 . 17.12 . 5.2.2.15 ","Belanja Perjalanan Dinas ",5920000,5920000,0,0,
"1.01 . 1.01.02 . 17.12 . 5.2.2.15.01 ","Belanja Perjalanan Dinas Dalam Daerah ",1420000,1420000,0,0,"Biaya perjalanan dinas dalam kabupaten
Golongan 414 oj x 50.000,00 = 700.000,00
Golongan 315 oj x 40.000,00 = 600.000,00
Golongan 24 oj x 30.000,00 = 120.000,00"
"1.01 . 1.01.02 . 17.12 . 5.2.2.15.02 ","Belanja Perjalanan Dinas Luar Daerah ",4500000,4500000,0,0,"Biaya perjalanan dinas luar daerah
Golongan 3 dan atau 43 tim x 1.500.000,00 = 4.500.000,00"
"1.01 . 1.01.02 . 17.12 . 5.2.2.34 ","Honorarium Pelaksanaan Kegiatan ",12700000,12700000,0,0,
"1.01 . 1.01.02 . 17.12 . 5.2.2.34.01 ","Honorarium Nara Sumber/Moderator/Tenaga Ahli ",12700000,12700000,0,0,"Honor narasumber dan moderator sosialisasi
Honor narasumber6 org x 300.000,00 = 1.800.000,00
Honor moderator6 org x 150.000,00 = 900.000,00
Honor tenaga ahliHonor perencana bangunan2 org x 3.500.000,00 = 7.000.000,00
Honor tim teknis/pengawas bangunan2 org x 1.500.000,00 = 3.000.000,00"
"1.01 . 1.01.02 . 17.12 . 5.2.3 ","Belanja Modal ",1203675000,1807611000,603936000,50.17,
"1.01 . 1.01.02 . 17.12 . 5.2.3.13 ","Belanja Modal Pengadaan Mebeulair ",186500000,186500000,0,0,
"1.01 . 1.01.02 . 17.12 . 5.2.3.13.12 ","Belanja modal pengadaan meubelair ruang perpustakaan",186500000,186500000,0,0,"Belanja modal pengadaan mebeleur, perabot, fasilitas pendukung perpustakaan (DID)
Belanja modal pengadaan mebeleur perpustakaan di sekolah (DID pengembangan perpustakaan)1 paket x 175.000.000,00 = 175.000.000,00
Honor PPK1 org x 400.000,00 = 400.000,00
Honor panitia/pejabat pengadaan1 org/bjj x 900.000,00 = 900.000,00
Honor penerima barang1 org/bjj x 850.000,00 = 850.000,00
Belanja MMR100 org x 17.500,00 = 1.750.000,00
Belanja MMK100 org x 17.500,00 = 1.750.000,00
Honor narasumber sosialisasi6 org x 300.000,00 = 1.800.000,00
Honor moderator sosialisasi6 org x 150.000,00 = 900.000,00
Perjalanan dinas golongan 430 org x 50.000,00 = 1.500.000,00
Perjalanan dinas golongan 330 org x 40.000,00 = 1.200.000,00
Perjalanan dinas golongan 215 org x 30.000,00 = 450.000,00"
"1.01 . 1.01.02 . 17.12 . 5.2.3.26 ","Belanja Modal Pengadaan Konstruksi/Pembelian Bangunan",1017175000,1621111000,603936000,59.37,
"1.01 . 1.01.02 . 17.12 . 5.2.3.26.16 ","Belanja Modal Pengadaan Konstruksi/Pembelian Gedung Pendidikan",1017175000,1621111000,603936000,59.37,"Belanja modal pengadaan Konstruksi /Pembelian Gedung Pendidikan (DID)
Pembangunan perpustakaan beserta perabotnya SMA N 1 Kasihan (DID)1 paket x 500.000.000,00 = 500.000.000,00
Pembangunan perpustakaan beserta perabotnya SMAN 2 Bantul (DID)1 paket x 500.000.000,00 = 500.000.000,00
Honor perencana bangunan1 org x 6.000.000,00 = 6.000.000,00
Honor pengawas bangunan1 org x 3.500.000,00 = 3.500.000,00
Belanja MMR100 org x 17.500,00 = 1.750.000,00
Belanja MMK100 org x 17.500,00 = 1.750.000,00
Honor narasumber sosialisasi3 org x 300.000,00 = 900.000,00
Honor moderator sosialisasi3 org x 150.000,00 = 450.000,00
Honor PPK1 org x 650.000,00 = 650.000,00
Honor panitia pengadaan barang1 tim/bjj x 1.500.000,00 = 1.500.000,00
Honor penerima barang1 tim/bjj x 675.000,00 = 675.000,00
Belanja modal pengadaan Konstruksi /Pembelian Gedung Pendidikan (DAK 2014)
Upah pekerja pembangunan perpustakaan beserta perabotnya  (DAK 2014 swakelola)
- SMA N 1 Pleret- SMA N 1 Jetis- SMA N 1 Piyungan3 paket x 70.459.200,00 = 211.377.600,00
Belanja Bahan Baku/Material Pembangunan perpustakaan beserta perabotnya  (DAK 2014 swakelola)
- SMA N 1 Pleret- SMA N 1 Jetis- SMA N 1 Piyungan3 paket x 130.852.800,00 = 392.558.400,00"
"1.01 . 1.01.02 . 17.15 ","Pengadaan Buku-Buku dan Alat Tulis Siswa ",1209730003,1183141003,-26589000,-2.2,"Sumber Dana : Dana Alokasi Khusus (D A K)
Lokasi Kegiatan : Kab. Bantul"
"1.01 . 1.01.02 . 17.15 . 5.2.1 ","Belanja Pegawai ",10050000,10050000,0,0,
"1.01 . 1.01.02 . 17.15 . 5.2.1.01 ","Honorarium PNS ",10050000,10050000,0,0,
"1.01 . 1.01.02 . 17.15 . 5.2.1.01.01 ","Honorarium Panitia Pelaksana Kegiatan ",2800000,2800000,0,0,"Honor panitia pelaksana kegiatan1 org/bjj x 1.050.000,00 = 1.050.000,00
TPK Tim Monev7 org x 250.000,00 = 1.750.000,00"
"1.01 . 1.01.02 . 17.15 . 5.2.1.01.02 ","Honorarium Tim Pengadaan Barang dan Jasa ",7250000,7250000,0,0,"Honorarium  tim pengadaan barang dan jasa
Honorarium panitia pengadaan1 org/bjj x 1.750.000,00 = 1.750.000,00
Honorarium penerima barang1 org/bjj x 2.000.000,00 = 2.000.000,00
Honorarium pejabat pembuat komitmen (PPK)1 org x 1.000.000,00 = 1.000.000,00
Honor tim buku1 org/bjj x 2.500.000,00 = 2.500.000,00"
"1.01 . 1.01.02 . 17.15 . 5.2.2 ","Belanja Barang dan Jasa ",35650003,365359003,329709000,924.85,
"1.01 . 1.01.02 . 17.15 . 5.2.2.01 ","Belanja Bahan Pakai Habis ",850003,850003,0,0,
"1.01 . 1.01.02 . 17.15 . 5.2.2.01.01 ","Belanja Alat Tulis Kantor ",850003,850003,0,0,"Belanja ATK1 keg x 850.003,00 = 850.003,00"
"1.01 . 1.01.02 . 17.15 . 5.2.2.06 ","Belanja Cetak/Penggandaan/Dokumentasi ",450000,450000,0,0,
"1.01 . 1.01.02 . 17.15 . 5.2.2.06.02 ","Belanja Penggandaan/Foto Copy ",450000,450000,0,0,"Belanja foto copy3,000 lbr x 150,00 = 450.000,00"
"1.01 . 1.01.02 . 17.15 . 5.2.2.11 ","Belanja Makanan Dan Minuman ",8750000,8750000,0,0,
"1.01 . 1.01.02 . 17.15 . 5.2.2.11.02 ","Belanja Makanan Dan Minuman Rapat ",2625000,2625000,0,0,"Belanja makan minum rapat150 oh x 17.500,00 = 2.625.000,00"
"1.01 . 1.01.02 . 17.15 . 5.2.2.11.05 ","Belanja makanan dan minuman pelaksanaan kegiatan",6125000,6125000,0,0,"Belanja makan minum kegiatan350 oh x 17.500,00 = 6.125.000,00"
"1.01 . 1.01.02 . 17.15 . 5.2.2.15 ","Belanja Perjalanan Dinas ",20200000,20200000,0,0,
"1.01 . 1.01.02 . 17.15 . 5.2.2.15.01 ","Belanja Perjalanan Dinas Dalam Daerah ",6200000,6200000,0,0,"Biaya perjalanan dinas dalam kabupaten
Golongan 460 oj x 50.000,00 = 3.000.000,00
Golongan 350 oj x 40.000,00 = 2.000.000,00
Golongan 240 org x 30.000,00 = 1.200.000,00"
"1.01 . 1.01.02 . 17.15 . 5.2.2.15.02 ","Belanja Perjalanan Dinas Luar Daerah ",14000000,14000000,0,0,"Biaya perjalanan dinas luar daerah kabupaten
Golongan 3 dan atau 48 tim x 1.750.000,00 = 14.000.000,00"
"1.01 . 1.01.02 . 17.15 . 5.2.2.23 ","Belanja Barang yang akan diserahkan kepada Masyarakat/ Pihak ketiga",0,329709000,329709000,0,
"1.01 . 1.01.02 . 17.15 . 5.2.2.23.01 ","Belanja Barang yang akan diserahkan kepada Masyarakat",0,329709000,329709000,0,"Pengadaan Buku Kurikulum 2013 SMA
Pengadaan Buku Matematika SMA untuk siswaPengadaan Buku Matematika SMA untuk Guru
Pengadaan Buku Bhs indonesia SMA untuk SiswaPengadaan Buku Bhs Indonesia SMA untuk Guru
Pengadaan Buku Bhs Inggris SMA untuk SiswaPengadaan Buku Bhs Inggris SMA untuk Guru
Pengadaan Buku Agama SMA untuk SiswaPengadaan Buku Bhs Sejarah SMA untuk Siswa
Pengadaan Buku Agama SMA untuk Guru
Pengadaan Buku Kurikulum 2013 SMA untuk Siswa1,420 paket x 110.000,00 = 156.200.000,00
Pengadaan Buku Kurikulum 2013 SMA untuk Guru285 paket x 23.000,00 = 6.555.000,00
Pengadaan buku referensi SMA swasta (DAK 2013)
SMA Muh 1 Bantul1 paket x 6.954.000,00 = 6.954.000,00
SMA Muh. Bantul1 paket x 10.000.000,00 = 10.000.000,00
SMA Muh Imogiri1 paket x 10.000.000,00 = 10.000.000,00
SMA Muh. Pleret1 paket x 10.000.000,00 = 10.000.000,00
SMA Muh. Kasihan1 paket x 10.000.000,00 = 10.000.000,00
SMA Muh. Sewon1 paket x 10.000.000,00 = 10.000.000,00
SMA BOPKRI Banguntapan1 paket x 10.000.000,00 = 10.000.000,00
SMA Stella Duce Bambanglipuro1 paket x 10.000.000,00 = 10.000.000,00
SMA Patria Bantul1 Paket x 10.000.000,00 = 10.000.000,00
SMA PGRI Kasihan1 Paket x 10.000.000,00 = 10.000.000,00
UII Banguntapan1 paket x 10.000.000,00 = 10.000.000,00
SMA Muh. Piyungan1 Paket x 10.000.000,00 = 10.000.000,00
SMA 17 Bantul1 Paket x 10.000.000,00 = 10.000.000,00
SMA Pangudiluhur Sedayu1 Paket x 10.000.000,00 = 10.000.000,00
SMA Dharma Amiluhur1 Paket x 10.000.000,00 = 10.000.000,00
SMA Ali Maksum1 Paket x 10.000.000,00 = 10.000.000,00
SMA , . . .1 Paket x 10.000.000,00 = 10.000.000,00"
"1.01 . 1.01.02 . 17.15 . 5.2.2.34 ","Honorarium Pelaksanaan Kegiatan ",5400000,5400000,0,0,
"1.01 . 1.01.02 . 17.15 . 5.2.2.34.01 ","Honorarium Nara Sumber/Moderator/Tenaga Ahli ",5400000,5400000,0,0,"Honor narasumber dan moderator
Honor narasumber12 org x 300.000,00 = 3.600.000,00
Honor moderator12 org x 150.000,00 = 1.800.000,00"
"1.01 . 1.01.02 . 17.15 . 5.2.3 ","Belanja Modal ",1164030000,807732000,-356298000,-30.61,
"1.01 . 1.01.02 . 17.15 . 5.2.3.27 ","Belanja Modal Pengadaan Buku/Kepustakaan ",1164030000,807732000,-356298000,-30.61,
"1.01 . 1.01.02 . 17.15 . 5.2.3.27.01 ","Belanja Modal Pengadaan Buku Matematika ",127670000,0,-127670000,-100,"Belanja modal pengadaan buku matematika SMA (DAK)
Belanja modal pengadaan buku matematika SMA untuk siswa (DAK)
Belanja modal pengadaan buku matematika SMA untuk guru (DAK)"
"1.01 . 1.01.02 . 17.15 . 5.2.3.27.09 ","Belanja Modal Pengadaan Buku Bahasa Dan Sastra ",255340000,0,-255340000,-100,"Belanja modal pengadaan buku bahasa indonesia SMA (DAK)
Belanja modal pengadaan buku bahasa indonesia SMA untuk siswa (DAK)
Belanja modal pengadaan buku bahasa indonesia SMA untuk guru (DAK)
Belanja modal pengadaan buku bahasa inggris SMA (DAK)
Belanja modal pengadaan buku bahasa inggris SMA untuk siswa (DAK)
Belanja modal pengadaan buku bahasa inggris SMA untuk guru (DAK)"
"1.01 . 1.01.02 . 17.15 . 5.2.3.27.10 ","Belanja Modal Pengadaan Buku Keagamaan ",127670000,0,-127670000,-100,"Belanja modal pembelian buku agama (DAK)
Belanja modal pembelian buku agama untuk siswa (DAK)
Belanja modal pengadaan buku Agama untuk guru SMA (DAK)"
"1.01 . 1.01.02 . 17.15 . 5.2.3.27.11 ","Belanja Modal Pengadaan Buku Sejarah ",127670000,0,-127670000,-100,"Belanja modal pengadaan buku sejarah (DAK)
Belanja modal pengadaan buku sejarah untuk siswa (DAK)
Belanja modal pengadaan buku sejarah untuk guru (DAK)"
"1.01 . 1.01.02 . 17.15 . 5.2.3.27.12 ","Belanja Modal Pengadaan Buku Seni Dan Budaya ",127670000,0,-127670000,-100,"Belanja modal pengadaan buku seni budaya (DAK)
Belanja modal pengadaan buku seni budaya untuk siswa (DAK)
Belanja modal pengadaan buku seni budaya untuk guru (DAK)"
"1.01 . 1.01.02 . 17.15 . 5.2.3.27.13 ","Belanja Modal Pengadaan Buku Ilmu Pengetahuan Umum",255340000,0,-255340000,-100,"Belanja modal pengadaan buku pendidikan jasmani, olahraga dan kesehatan (DAK)
Belanja modal buku penjasorkes untuk siswa (DAK)
Belanja modal pengadaan buku penjasorkes untuk guru (DAK)
Belanja modal pengadaan buku prakarya dan kewirausahaan (DAK)
Belanja modal pengadaan buku prakarya dan kewirausahaan untuk guru (DAK)
Belanja modal pengadaan buku prakarya dan kewirausahaan untuk siswa (DAK)"
"1.01 . 1.01.02 . 17.15 . 5.2.3.27.15 ","Belanja Modal Pengadaan Buku Ilmu Politik Dan Ketatanegaraan",127670000,0,-127670000,-100,"Belanja modal pengadaan buku PKN SMA(DAK)
Belanja modal pengadaan buku PKn untuk siswa SMA (DAK)
Belanja modal pengadaan buku PKn untuk guru SMA (DAK)"
"1.01 . 1.01.02 . 17.15 . 5.2.3.27.22 ","Belanja Modal Pengadaan Buku Naskah ",15000000,807732000,792732000,5284.88,"Belanja modal pengadaan buku naskah kurikulum 2013 (DAK 2014)
Belanja modal pengadaan buku naskah kurikulum 2013 untuk siswa dan guru SMA (9 bk x 15.000,-x siswa)(jlh siswa x jlh buku dianggap 100.000,-) (DAK)
Belanja Modal Buku Kurikulum 2013 untuk Siswa7,200 paket x 110.000,00 = 792.000.000,00
Belanja Modal Buku Kurikulum SMA untuk Guru (19 X 4 X 9 mapel)684 paket x 23.000,00 = 15.732.000,00
Belanja modal pengadaan buku referensi (DAK 2013)16 paket x 0,00 = 0,00"
"1.01 . 1.01.02 . 17.18 ","Pengadaan Alat Praktik dan Peraga Siswa ",1145160000,1980860000,835700000,72.98,"Sumber Dana : Dana Alokasi Umum (D A U), Dana Alokasi Khusus (D A K)
Lokasi Kegiatan : Kabupaten Bantul"
"1.01 . 1.01.02 . 17.18 . 5.2.1 ","Belanja Pegawai ",7160000,7160000,0,0,
"1.01 . 1.01.02 . 17.18 . 5.2.1.01 ","Honorarium PNS ",7160000,7160000,0,0,
"1.01 . 1.01.02 . 17.18 . 5.2.1.01.01 ","Honorarium Panitia Pelaksana Kegiatan ",1660000,1660000,0,0,"Honor panitia pelaksana kegiatan
Honor panitia pelaksana kegiatan (DAK)1 org/bjj x 860.000,00 = 860.000,00
Honor tim alat laboratorium sains2 org x 250.000,00 = 500.000,00
Honor tim monitoring dan evaluasi2 org x 150.000,00 = 300.000,00"
"1.01 . 1.01.02 . 17.18 . 5.2.1.01.02 ","Honorarium Tim Pengadaan Barang dan Jasa ",5500000,5500000,0,0,"Honor panitia pengadaan barang dan jasa
Honor pejabat pembuat komitmen (DAK)1 org x 1.000.000,00 = 1.000.000,00
Honor pejabat/panitia pengadaan (DAK)1 org/bjj x 2.000.000,00 = 2.000.000,00
Honor panitia penerima barang (DAK)1 org/bjj x 2.000.000,00 = 2.000.000,00
Honor tenaga ahli laboratorium1 org x 500.000,00 = 500.000,00"
"1.01 . 1.01.02 . 17.18 . 5.2.2 ","Belanja Barang dan Jasa ",118200000,618200000,500000000,423.01,
"1.01 . 1.01.02 . 17.18 . 5.2.2.01 ","Belanja Bahan Pakai Habis ",400000,400000,0,0,
"1.01 . 1.01.02 . 17.18 . 5.2.2.01.01 ","Belanja Alat Tulis Kantor ",400000,400000,0,0,"Belanja alat tulis kantor
Belanja ATK (DAK)1 keg x 400.000,00 = 400.000,00"
"1.01 . 1.01.02 . 17.18 . 5.2.2.06 ","Belanja Cetak/Penggandaan/Dokumentasi ",125000,125000,0,0,
"1.01 . 1.01.02 . 17.18 . 5.2.2.06.02 ","Belanja Penggandaan/Foto Copy ",125000,125000,0,0,"Belanja penggandaan/fotocopy
Belanja fotocopy (DAK)1,000 lbr x 125,00 = 125.000,00"
"1.01 . 1.01.02 . 17.18 . 5.2.2.11 ","Belanja Makanan Dan Minuman ",4025000,4025000,0,0,
"1.01 . 1.01.02 . 17.18 . 5.2.2.11.02 ","Belanja Makanan Dan Minuman Rapat ",1400000,1400000,0,0,"Belanja makan minum rapat
Belanja makan minum rapat (DAK)40 org x 17.500,00 = 700.000,00
Belanja MMR (DID)40 org x 17.500,00 = 700.000,00"
"1.01 . 1.01.02 . 17.18 . 5.2.2.11.05 ","Belanja makanan dan minuman pelaksanaan kegiatan",2625000,2625000,0,0,"Belanja makan minum kegiatan
Belanja makan minum kegiatan/sosialisasi (DAK)75 org x 17.500,00 = 1.312.500,00
Belanja MMK (DID)75 org x 17.500,00 = 1.312.500,00"
"1.01 . 1.01.02 . 17.18 . 5.2.2.15 ","Belanja Perjalanan Dinas ",10050000,10050000,0,0,
"1.01 . 1.01.02 . 17.18 . 5.2.2.15.01 ","Belanja Perjalanan Dinas Dalam Daerah ",2550000,2550000,0,0,"Belanja perjalanan dinas dalam daerahGolongan 4 (DAK)25 org x 50.000,00 = 1.250.000,00
Golongan 3 (DAK)25 org x 40.000,00 = 1.000.000,00
Golongan 2 (DAK)10 org x 30.000,00 = 300.000,00"
"1.01 . 1.01.02 . 17.18 . 5.2.2.15.02 ","Belanja Perjalanan Dinas Luar Daerah ",7500000,7500000,0,0,"Perjalanan dinas luar daerah
Golongan 3 dan atau 4 (DAK)5 org x 1.500.000,00 = 7.500.000,00"
"1.01 . 1.01.02 . 17.18 . 5.2.2.23 ","Belanja Barang yang akan diserahkan kepada Masyarakat/ Pihak ketiga",100000000,600000000,500000000,500,
"1.01 . 1.01.02 . 17.18 . 5.2.2.23.01 ","Belanja Barang yang akan diserahkan kepada Masyarakat",100000000,600000000,500000000,500,"Belanja pengadaan peralatan laboratorium sains SMA (DAK 2013)
Belanja pengadaan peralatan laboratorium sains SMA yang akan diserahkan ke sekolah swasta (DAK 2013)
- SMA Muh. 1 Bantul
- SMA UII Banguntapan
- SMA Pangudi Luhur
- SMA Stella Duce
- SMA BOPKRI Banguntapan
- SMA PGRI Kasihan
6 paket x 100.000.000,00 = 600.000.000,00"
"1.01 . 1.01.02 . 17.18 . 5.2.2.34 ","Honorarium Pelaksanaan Kegiatan ",3600000,3600000,0,0,
"1.01 . 1.01.02 . 17.18 . 5.2.2.34.01 ","Honorarium Nara Sumber/Moderator/Tenaga Ahli ",3600000,3600000,0,0,"Honor narasumber dan moderator
Honor narasumber8 org x 300.000,00 = 2.400.000,00
Honor moderator8 org x 150.000,00 = 1.200.000,00"
"1.01 . 1.01.02 . 17.18 . 5.2.3 ","Belanja Modal ",1019800000,1355500000,335700000,32.92,
"1.01 . 1.01.02 . 17.18 . 5.2.3.12 ","Belanja Modal Pengadaan Komputer ",760775000,760775000,0,0,
"1.01 . 1.01.02 . 17.18 . 5.2.3.12.02 ","Belanja Modal Pengadaan Komputer/PC ",760775000,760775000,0,0,"Belanja modal pengadaan komputer siswa (DID)
Belanja modal pengadaan komputer untuk siswa SMA (DID)100 unit x 7.500.000,00 = 750.000.000,00
Honor PPK1 org x 450.000,00 = 450.000,00
Honor panitia pengadaan1 tim/bjj x 1.275.000,00 = 1.275.000,00
Honor penerima barang1 tim/bjj x 800.000,00 = 800.000,00
Belanja MMR100 org x 17.500,00 = 1.750.000,00
Belanja MMK100 org x 17.500,00 = 1.750.000,00
Honor narasumber sosialisasi3 org x 300.000,00 = 900.000,00
Honor moderator sosialisasi3 org x 150.000,00 = 450.000,00
Honor tim ahli komputer1 org x 400.000,00 = 400.000,00
Perjalanan dinas golongan 430 org x 50.000,00 = 1.500.000,00
Perjalanan dinas golongan 330 org x 40.000,00 = 1.200.000,00
Perjalanan dinas golonagn 210 org x 30.000,00 = 300.000,00"
"1.01 . 1.01.02 . 17.18 . 5.2.3.20 ","Belanja Modal Pengadaan Alat-Alat Laboratorium ",200000000,500000000,300000000,150,
"1.01 . 1.01.02 . 17.18 . 5.2.3.20.01 ","Belanja Modal Pengadaan Alat-Alat Laboratorium Biologi",0,200000000,200000000,0,"Belanja Peralatan Laboratorium Biologi SMA N Banguntapan 2 Btl, SMA N 1 PundongBelanja Peralatan Laboratorium Biologi SMA N 1 Banguntapan, SMA N 1 Pundong2 paket x 100.000.000,00 = 200.000.000,00"
"1.01 . 1.01.02 . 17.18 . 5.2.3.20.02 ","Belanja Modal Pengadaan Alat-Alat Laboratorium Fisika/Geologi/Geodesi",100000000,200000000,100000000,100,"Belanja modal pengadaan alat-alat laboratorium fisika SMA N 1 Bambanglipuro (DAK)
Pengadaan alat-alat laboratorium fisika SMA N 1 Bambanglipuro (DAK 2014)1 paket x 100.000.000,00 = 100.000.000,00
Belanja modal pengadaan alat-alat laboratorium fisika SMA N 2 Bantul (DAK)1 paket x 100.000.000,00 = 100.000.000,00"
"1.01 . 1.01.02 . 17.18 . 5.2.3.20.03 ","Belanja Modal Pengadaan Alat-Alat Laboratorium Kimia",100000000,100000000,0,0,"Belanja modal pengadaan alat-alat laboratorium kimia (DAK 2014)
Pengadaan alat-alat laboratorium kimia SMA N 1 Srandakan (DAK 2014)1 paket x 100.000.000,00 = 100.000.000,00"
"1.01 . 1.01.02 . 17.18 . 5.2.3.28 ","Belanja Modal Pengadaan Barang Bercorak Kesenian, Kebudayaan",0,35700000,35700000,0,
"1.01 . 1.01.02 . 17.18 . 5.2.3.28.07 ","Belanja modal pengadaan alat kesenian ",0,35700000,35700000,0,"Belanja modal pengadaan alat kesenian (DAK)
Belanja modal pengadaan alat kesenian SMA N 1 Sanden (DAK 2014)1 paket x 20.000.000,00 = 20.000.000,00
Belanja modal penghadaan alat kesenian SMAN 1 Srandakan (DAK 2014)1 unit x 15.700.000,00 = 15.700.000,00"
"1.01 . 1.01.02 . 17.18 . 5.2.3.37 ","Belanja Modal Pengadaan Alat-alat Olah Raga ",59025000,59025000,0,0,
"1.01 . 1.01.02 . 17.18 . 5.2.3.37.01 ","Belanja modal alat-alat olah raga ",59025000,59025000,0,0,"Belanja modal alat-alat olahraga siswa (DID)
Belanja modal pengadaan alat-alat olahraga siswa SMA (DID)1 paket x 50.000.000,00 = 50.000.000,00
Honor PPK1 org x 350.000,00 = 350.000,00
Honor pejabat pengadaan1 org x 300.000,00 = 300.000,00
Honor penerima barang1 org/bjj x 525.000,00 = 525.000,00
Belanja MMR100 org x 17.500,00 = 1.750.000,00
Belanja MMK100 org x 17.500,00 = 1.750.000,00
Honor narasumber sosialisasi3 org x 300.000,00 = 900.000,00
Honor moderator sosialisasi3 org x 150.000,00 = 450.000,00
Perjalanan dinas golongan 430 org x 50.000,00 = 1.500.000,00
Perjalanan dinas golongan 330 org x 40.000,00 = 1.200.000,00
Perjalanan dinas golongan 210 org x 30.000,00 = 300.000,00"
"1.01 . 1.01.02 . 17.44 ","Rehabilitasi Sedang/Berat Ruang Kelas Sekolah ",1578547500,2242535500,663988000,42.06,"Sumber Dana : Dana Alokasi Khusus (D A K)
Lokasi Kegiatan : Kab. Bantul"
"1.01 . 1.01.02 . 17.44 . 5.2.1 ","Belanja Pegawai ",435220000,68360000,-366860000,-84.29,
"1.01 . 1.01.02 . 17.44 . 5.2.1.01 ","Honorarium PNS ",22860000,22860000,0,0,
"1.01 . 1.01.02 . 17.44 . 5.2.1.01.01 ","Honorarium Panitia Pelaksana Kegiatan ",15560000,15560000,0,0,"Honor panitia pelaksana kegiatan1 keg x 1.110.000,00 = 1.110.000,00
TPK Tim peneliti SPJ2 orang x 150.000,00 = 300.000,00
TPK Tim Monev6 orang x 150.000,00 = 900.000,00
TPK Tim Teknis Bangunan5 orang x 2.250.000,00 = 11.250.000,00
TPK Tim Survey1 keg x 2.000.000,00 = 2.000.000,00"
"1.01 . 1.01.02 . 17.44 . 5.2.1.01.02 ","Honorarium Tim Pengadaan Barang dan Jasa ",3700000,3700000,0,0,"Honor tim pengadaan barang dan jasa
Honor pejabat pembuat komitmen1 org x 1.000.000,00 = 1.000.000,00
Honor panitia pengadaan barang1 tim/bjj x 1.800.000,00 = 1.800.000,00
Honor panitia penerima barang1 tim/bjj x 900.000,00 = 900.000,00"
"1.01 . 1.01.02 . 17.44 . 5.2.1.01.05 ","Honorarium Staf Ahli ",3600000,3600000,0,0,"Honor narasumber sosialisasi
Honor narasumber sosialisasi (DAK)8 org x 300.000,00 = 2.400.000,00
Honor moderator8 org x 150.000,00 = 1.200.000,00"
"1.01 . 1.01.02 . 17.44 . 5.2.1.02 ","Honorarium Non PNS ",412360000,45500000,-366860000,-88.97,
"1.01 . 1.01.02 . 17.44 . 5.2.1.02.02 ","Honorarium Pegawai Honorer/Tidak Tetap ",412360000,45500000,-366860000,-88.97,"Upah pekerja bangunan dan perabot rehab rusak berat  ruang belajar SMA swakelola (DAK)
Upah pekerja bangunan dan perabot rehab rusak berat ruang belajar SMA
Upah pekerja bangunan dan perabot rehab rusak berat ruang belajar SMA (DAK 2013)
- SMA Muh. 1 Bantul & SMA UII BanguntapanUpah pekerja bangunan dan perabot rehab rusak berat ruang belajar SMA (DAK 2013)
- SMA Pangudi Luhur & SMA 17 BantulHonor perencana rehabilitasi ruang belajar SMA (DAK)
Honor perencana rehab rusak berat ruang belajar SMA (DAK)13 keg x 3.500.000,00 = 45.500.000,00"
"1.01 . 1.01.02 . 17.44 . 5.2.2 ","Belanja Barang dan Jasa ",562077500,1102227500,540150000,96.1,
"1.01 . 1.01.02 . 17.44 . 5.2.2.01 ","Belanja Bahan Pakai Habis ",1250000,1250000,0,0,
"1.01 . 1.01.02 . 17.44 . 5.2.2.01.01 ","Belanja Alat Tulis Kantor ",1250000,1250000,0,0,"Belanja ATK
Belanja ATK (DAK)1 ls x 750.000,00 = 750.000,00
Belanja ATK (DAU)1 ls x 500.000,00 = 500.000,00"
"1.01 . 1.01.02 . 17.44 . 5.2.2.02 ","Belanja Bahan/Material ",550290000,1090440000,540150000,98.16,
"1.01 . 1.01.02 . 17.44 . 5.2.2.02.01 ","Belanja Bahan Baku untuk Bangunan / Kegiatan Pelayanan / Kegiatan Operasi",550290000,1090440000,540150000,98.16,"Belanja bahan bangunan dan bahan perabot pembangunan rehab rusak berat ruang belajar siswa (DAK)
Belanja bahan baku bangunan dan bahan perabot rehab rusak sedang ruang belajar (DAK 2014) di SMA 17 Bantul2 paket x 35.439.300,00 = 70.878.600,00
Belanja bahan baku bangunan dan bahan perabot rehab rusak sedang ruang belajar (DAK 2014) di SMA Muh Imogiri2 pket x 35.439.300,00 = 70.878.600,00
Belanja bahan baku bangunan dan bahan perabot rehab rusak sedang ruang belajar (DAK 2014) di SMA Muh Kasihan2 paket x 35.439.300,00 = 70.878.600,00
Belanja bahan baku bangunan dan bahan perabot rehab rusak sedang ruang belajar (DAK 2014) di SMA Muh Bantul2 paket x 35.439.300,00 = 70.878.600,00
Belanja bahan baku bangunan dan bahan perabot rehab rusak sedang ruang belajar (DAK 2014) di SMA Muh Pleret2 paket x 35.439.300,00 = 70.878.600,00
Belanja bahan baku bangunan dan bahan perabot rehab rusak sedang ruang belajar (DAK 2014) di SMA UII Banguntapan2 paket x 35.439.300,00 = 70.878.600,00
Belanja bahan baku bangunan dan bahan perabot rehab rusak sedang ruang belajar (DAK 2014) di SMA Pangudi Luhur Sdy2 paket x 35.439.300,00 = 70.878.600,00
Belanja bahan baku bangunan dan bahan perabot rehab rusak sedang ruang belajar (DAK 2014) di SMA Muh Piyungan1 paket x 35.439.300,00 = 35.439.300,00
Belanja bahan baku bangunan dan bahan perabot rehab rusak sedang ruang belajar (DAK 2014) di SMA Muh Sewon1 paket x 35.439.300,00 = 35.439.300,00
Belanja upah pekerja bangunan dan pembuatan perabot rehab rusak sedang ruang belajar (DAK 2014)16 paket x 19.082.700,00 = 305.323.200,00
Belanja bahan bangunan dan bahan perabot rehab rusak sedang ruang belajar
 (DAK 2013 di SMA Muh. 1 Bantul, SMA UII Banguntapan, SMA Pangudi Luhur, dan SMA 17 Bantul)4 paket x 35.439.300,00 = 141.757.200,00
Belanja upah pekerja bangunan dan  perabot rehab rusak sedang ruang belajar
 (DAK 2013 di SMA Muh. 1 Bantul, SMA UII Banguntapan, SMA Pangudi Luhur, dan SMA 17 Bantul)4 paket x 19.082.700,00 = 76.330.800,00
Upah pekerja bangunanUpah pekerja rehab rusak sedang/berak ruang belajar siswa (DAK 2014)0 Paket x 35.439.300,00 = 0,00
Upah pekerja rehab rusak sedang/berat ruang belajar siswa SMA Muh Bantul dan SMA UII Banguntapan (DAK 2013)0 Paket x 12.403.755,00 = 0,00
Upah pekerja rehab rusak sedang/berat ruang belajar siswa SMA Pangudiluhur dan SMA 17 Bantul (DAK 2013)0 Paket x 12.403.755,00 = 0,00"
"1.01 . 1.01.02 . 17.44 . 5.2.2.03 ","Belanja Jasa Kantor ",200000,200000,0,0,
"1.01 . 1.01.02 . 17.44 . 5.2.2.03.13 ","Belanja Dokumentasi ",200000,200000,0,0,"Belanja dokumentasi1 ls x 200.000,00 = 200.000,00"
"1.01 . 1.01.02 . 17.44 . 5.2.2.06 ","Belanja Cetak/Penggandaan/Dokumentasi ",312500,312500,0,0,
"1.01 . 1.01.02 . 17.44 . 5.2.2.06.02 ","Belanja Penggandaan/Foto Copy ",312500,312500,0,0,"Belanja foto copy2,500 lembar x 125,00 = 312.500,00"
"1.01 . 1.01.02 . 17.44 . 5.2.2.11 ","Belanja Makanan Dan Minuman ",6125000,6125000,0,0,
"1.01 . 1.01.02 . 17.44 . 5.2.2.11.02 ","Belanja Makanan Dan Minuman Rapat ",3062500,3062500,0,0,"Belanja makan minum rapat
Belanja makan minum rapat (DAK)100 orang x 17.500,00 = 1.750.000,00
Belanja MMR75 org x 17.500,00 = 1.312.500,00"
"1.01 . 1.01.02 . 17.44 . 5.2.2.11.05 ","Belanja makanan dan minuman pelaksanaan kegiatan",3062500,3062500,0,0,"Belanja makan minum kegiatan
Belanja makan minum kegiatan (DAK)100 orang x 17.500,00 = 1.750.000,00
Belanja MMK75 org x 17.500,00 = 1.312.500,00"
"1.01 . 1.01.02 . 17.44 . 5.2.2.15 ","Belanja Perjalanan Dinas ",3900000,3900000,0,0,
"1.01 . 1.01.02 . 17.44 . 5.2.2.15.01 ","Belanja Perjalanan Dinas Dalam Daerah ",3900000,3900000,0,0,"Biaya perjalanan dinas dalam kabupaten
Golongan 440 oj x 50.000,00 = 2.000.000,00
Golongan 340 oj x 40.000,00 = 1.600.000,00
Golongan 210 oj x 30.000,00 = 300.000,00"
"1.01 . 1.01.02 . 17.44 . 5.2.3 ","Belanja Modal ",581250000,1071948000,490698000,84.42,
"1.01 . 1.01.02 . 17.44 . 5.2.3.26 ","Belanja Modal Pengadaan Konstruksi/Pembelian Bangunan",581250000,1071948000,490698000,84.42,
"1.01 . 1.01.02 . 17.44 . 5.2.3.26.16 ","Belanja Modal Pengadaan Konstruksi/Pembelian Gedung Pendidikan",581250000,1071948000,490698000,84.42,"Belanja modal rehab rusak ringan, rusak sedang, dan rusak berat ruang kelas (DID)
Belanja modal rehab rusak ringan, rusak sedang, dan atau rusak berat ruang kelas termasuk rehab perabot kelas (DID)- SMA N 1 Imogiri ( 3 paket )- SMA N 1 Pajangan ( 2 paket )- SMA N 1 Sedayu ( 2 Paket )- SMA N 1 Piyungan ( 2 paket )9 paket x 60.000.000,00 = 540.000.000,00Honor PPK (DID)1 org x 700.000,00 = 700.000,00
Honor penaitia pengadaan1 org/bjj x 1.500.000,00 = 1.500.000,00Honor penerima/pemeriksa barang1 org/bjj x 2.250.000,00 = 2.250.000,00
Honor perencana dan pengawas bangunan/tim teknis bangunan (DID)9 paket x 2.500.000,00 = 22.500.000,00Honor tim survei dan analisis kerusakan1 org/bjj x 2.500.000,00 = 2.500.000,00
Belanja MMR200 org x 17.500,00 = 3.500.000,00Belanja MMK200 org x 17.500,00 = 3.500.000,00
Honor narasumber sosialisasi4 org x 300.000,00 = 1.200.000,00
Honor moderator sosialisasi4 org x 150.000,00 = 600.000,00
Perjalanan dinas golongan 430 org x 50.000,00 = 1.500.000,00
Perjalanan dinas golongan 330 org x 40.000,00 = 1.200.000,00
Perjalanan dinas golongan 210 org x 30.000,00 = 300.000,00
Belanja modal rehab rusak ringan, rusak sedang, dan rusak berat ruang kelas (DAK 2014)
Belanja bahan baku bangunan dan perabot untuk rehab rusak ringan/sedang ruang kelas di SMAN 1 Banguntapan (DAK 2014)2 paket x 35.439.300,00 = 70.878.600,00
Belanja upah pekerja rehab rusak ringan/sedang ruang kelas di SMA 1 Banguntapan2 paket x 19.082.700,00 = 38.165.400,00
Belanja bahan bangunan dan perabot untuk rehap rusak ringan/sedang ruang kelas di SMA N 2 Banguntapan (DAK 2014)2 paket x 35.439.300,00 = 70.878.600,00
Belanja upah pekerja rehab rusak ringan/sedang ruang kelas di SMA N 2 Banguntapan2 Paket x 19.082.700,00 = 38.165.400,00
Belanja bahan bangunan dan perabot untuk rehap rusak ringan/sedang ruang kelas di SMA N  1 Dlingo (DAK 2014)2 paket x 35.439.300,00 = 70.878.600,00
Belanja upah pekerja rehab rusak ringan/sedang ruang kelas di SMA N 1 Dlingo2 Paket x 19.082.700,00 = 38.165.400,00
Belanja bahan bangunan dan perabot untuk rehap rusak ringan/sedang ruang kelas di SMA N  1 Pajangan  (DAK 2014)2 paket x 35.439.300,00 = 70.878.600,00
Belanja upah pekerja rehab rusak ringan/sedang ruang kelas di SMA N 1 Pajangan2 paket x 19.082.700,00 = 38.165.400,00
Belanja bahan bangunan dan perabot untuk rehap rusak ringan/sedang ruang kelas di SMA N  3 Bantul  (DAK 2014)1 paket x 35.439.300,00 = 35.439.300,00
Belanja upah pekerja rehab rusak ringan/sedang ruang kelas di SMA N 3 Bantul1 paket x 19.082.700,00 = 19.082.700,00"
"1.01 . 1.01.02 . 17.45 ","Rehabilitasi Sedang/Berat Ruang Guru Sekolah ",440515000,734095000,293580000,66.64,"Sumber Dana : "
"1.01 . 1.01.02 . 17.45 . 5.2.1 ","Belanja Pegawai ",1200000,1200000,0,0,
"1.01 . 1.01.02 . 17.45 . 5.2.1.01 ","Honorarium PNS ",1200000,1200000,0,0,
"1.01 . 1.01.02 . 17.45 . 5.2.1.01.01 ","Honorarium Panitia Pelaksana Kegiatan ",1200000,1200000,0,0,"Honor panitia pelaksana kegiatan1 tim/bjj x 1.200.000,00 = 1.200.000,00"
"1.01 . 1.01.02 . 17.45 . 5.2.3 ","Belanja Modal ",439315000,732895000,293580000,66.83,
"1.01 . 1.01.02 . 17.45 . 5.2.3.26 ","Belanja Modal Pengadaan Konstruksi/Pembelian Bangunan",439315000,732895000,293580000,66.83,
"1.01 . 1.01.02 . 17.45 . 5.2.3.26.16 ","Belanja Modal Pengadaan Konstruksi/Pembelian Gedung Pendidikan",439315000,732895000,293580000,66.83,"Belanja modal pengadaan Konstruksi/Pembelian Gedung Pendidikan (DID)
Rehabilitasi ruang guru beserta perabotnya SMAN Sanden (DID)1 paket x 275.000.000,00 = 275.000.000,00
Belanja modal rehab rusak sedang/rusak berat ruang guru beserta perabotnya SMAN Bambanglipuro (DID)
1 paket x 150.000.000,00 = 150.000.000,00
Honor PPK1 org x 575.000,00 = 575.000,00
Honor panitia pengadaan barang konstruksi1 org/bjj x 1.500.000,00 = 1.500.000,00
Honor penerima barang1 org/bjj x 675.000,00 = 675.000,00
Honor perencana dan pengawas1 org x 3.500.000,00 = 3.500.000,00
Honor narasumber4 org x 300.000,00 = 1.200.000,00
Honor moderator4 org x 150.000,00 = 600.000,00
Belanja MMK60 org x 17.500,00 = 1.050.000,00Belanja MMR30 org x 17.500,00 = 525.000,00
ATK1 keg x 350.000,00 = 350.000,00
Perjalanan dinas golongan 420 org x 50.000,00 = 1.000.000,00
Perjalanan dinas golongan 315 org x 40.000,00 = 600.000,00
Perjalanan dias golongan 28 org x 30.000,00 = 240.000,00
Honor monev10 org x 250.000,00 = 2.500.000,00
Belanja Modal Pembangunan Ruang Penunjang/Ruang Guru SMA N 1 Jetis (DAK)
Upah Pekerja Pembangunan Ruang Penunjang/Ruang Guru SMA N 1 Jetis1 paket x 102.753.000,00 = 102.753.000,00
Belanja Bahan Material Pembangunan Ruang Penunjang/Ruang Guru SMA N 1 Jetis1 paket x 190.827.000,00 = 190.827.000,00"
"1.01 . 1.01.02 . 17.48 ","Rehabilitasi Sedang/Berat Sarana Olahraga ",72602500,72602500,0,0,"Sumber Dana : 
Lokasi Kegiatan : Kab. Bantul"
"1.01 . 1.01.02 . 17.48 . 5.2.1 ","Belanja Pegawai ",900000,900000,0,0,
"1.01 . 1.01.02 . 17.48 . 5.2.1.01 ","Honorarium PNS ",900000,900000,0,0,
"1.01 . 1.01.02 . 17.48 . 5.2.1.01.01 ","Honorarium Panitia Pelaksana Kegiatan ",900000,900000,0,0,"Honor panitia1 tim/bjj x 900.000,00 = 900.000,00"
"1.01 . 1.01.02 . 17.48 . 5.2.2 ","Belanja Barang dan Jasa ",820000,820000,0,0,
"1.01 . 1.01.02 . 17.48 . 5.2.2.15 ","Belanja Perjalanan Dinas ",820000,820000,0,0,
"1.01 . 1.01.02 . 17.48 . 5.2.2.15.01 ","Belanja Perjalanan Dinas Dalam Daerah ",820000,820000,0,0,"Belanja perjalanan dinas dalam daerah
Golongan 48 org x 50.000,00 = 400.000,00
Golongan 36 org x 40.000,00 = 240.000,00
Golongan 26 org x 30.000,00 = 180.000,00"
"1.01 . 1.01.02 . 17.48 . 5.2.3 ","Belanja Modal ",70882500,70882500,0,0,
"1.01 . 1.01.02 . 17.48 . 5.2.3.01 ","Belanja Modal Pengadaan Tanah ",70882500,70882500,0,0,
"1.01 . 1.01.02 . 17.48 . 5.2.3.01.23 ","Belanja Modal Pengadaan Tanah Sarana Stadion Olahraga",70882500,70882500,0,0,"Belanja tanah urug untuk perbaikan lapangan sekolah (DID)
Belanja modal pembelian tanah urug  lapangan olahraga di sekolah (DID)1 keg x 65.000.000,00 = 65.000.000,00
Honor pejabat pembuat komitmen1 org x 400.000,00 = 400.000,00
Honor pejabat pengadaan1 org x 400.000,00 = 400.000,00
Honor panitia penerima barang1 org/bjj x 750.000,00 = 750.000,00
Honor tim teknis/pengawas bangunan/pekerjaan1 org x 500.000,00 = 500.000,00
Belanja ATK1 keg x 350.000,00 = 350.000,00
Belanja MMR75 org x 17.500,00 = 1.312.500,00
Perjalanan dinas golongan 48 org x 50.000,00 = 400.000,00
Perjalanan dinas golongan 36 org x 40.000,00 = 240.000,00
Perjalanan dinas golongan 26 org x 30.000,00 = 180.000,00
Honor narasumber sosialisasi3 org x 300.000,00 = 900.000,00
Honor moderator sosialisasi3 org x 150.000,00 = 450.000,00"
"1.01 . 1.01.02 . 17.49 ","Rehabilitasi Sedang/Berat Ruang Serba Guna/Aula",514867500,514867500,0,0,"Sumber Dana :
 Lokasi Kegiatan : Kab. Bantul"
"1.01 . 1.01.02 . 17.49 . 5.2.1 ","Belanja Pegawai ",1250000,1250000,0,0,
"1.01 . 1.01.02 . 17.49 . 5.2.1.01 ","Honorarium PNS ",1250000,1250000,0,0,
"1.01 . 1.01.02 . 17.49 . 5.2.1.01.01 ","Honorarium Panitia Pelaksana Kegiatan ",1250000,1250000,0,0,"Honor panitia pelaksana
Honor panitia pelaksana kegiatan1 tim/bjj x 1.250.000,00 = 1.250.000,00"
"1.01 . 1.01.02 . 17.49 . 5.2.3 ","Belanja Modal ",513617500,513617500,0,0,
"1.01 . 1.01.02 . 17.49 . 5.2.3.26 ","Belanja Modal Pengadaan Konstruksi/Pembelian Bangunan",513617500,513617500,0,0,
"1.01 . 1.01.02 . 17.49 . 5.2.3.26.16 ","Belanja Modal Pengadaan Konstruksi/Pembelian Gedung Pendidikan",513617500,513617500,0,0,"Belanja modal pengadaan Konstruksi/Pembelian Gedung PendidikanRehabilitasi ruang serbaguna/aula SMAN 1 Banguntapan (DID)1 paket x 500.000.000,00 = 500.000.000,00
Honor PPK1 org x 575.000,00 = 575.000,00
Honor panitia pengadaan1 tim/bjj x 1.500.000,00 = 1.500.000,00
Honor penerima barang1 tim/bjj x 675.000,00 = 675.000,00
Honor perencana bangunan1 org x 3.000.000,00 = 3.000.000,00
Honor pengawas bangunan1 org x 2.000.000,00 = 2.000.000,00
Honor narasumber3 org x 300.000,00 = 900.000,00
Honor moderator3 org x 150.000,00 = 450.000,00
Belanja MMK sosialisasi50 org x 17.500,00 = 875.000,00
Belanja MMR35 org x 17.500,00 = 612.500,00
Honor tim monev6 org x 250.000,00 = 1.500.000,00
Perjalanan dinas golongan 412 org x 50.000,00 = 600.000,00
Perjalanan dinas golongan 310 org x 40.000,00 = 400.000,00
Perjalanan dinas golongan 26 org x 30.000,00 = 180.000,00
ATK1 keg x 350.000,00 = 350.000,00"
"1.01 . 1.01.02 . 17.58 ","Pelatihan Penyusunan Kurikulum ",1159425000,326575050,-832849950,-71.83,"Sumber Dana : Dana Alokasi Umum (D A U)
Lokasi Kegiatan : Kab. Bantul"
"1.01 . 1.01.02 . 17.58 . 5.2.1 ","Belanja Pegawai ",2500000,7000000,4500000,180,
"1.01 . 1.01.02 . 17.58 . 5.2.1.01 ","Honorarium PNS ",2500000,7000000,4500000,180,
"1.01 . 1.01.02 . 17.58 . 5.2.1.01.01 ","Honorarium Panitia Pelaksana Kegiatan ",2500000,7000000,4500000,180,"Honor panitia
Honor panitia pelaksana kegiatan Workshop Kur 13 Guru SMA/K1 keg x 3.500.000,00 = 3.500.000,00
Honor panitia pelaksanaan kegiatan workshop kur 13 pengawas SMA/K1 keg x 3.500.000,00 = 3.500.000,00"
"1.01 . 1.01.02 . 17.58 . 5.2.2 ","Belanja Barang dan Jasa ",1156925000,319575050,-837349950,-72.38,
"1.01 . 1.01.02 . 17.58 . 5.2.2.01 ","Belanja Bahan Pakai Habis ",132750000,65590000,-67160000,-50.59,
"1.01 . 1.01.02 . 17.58 . 5.2.2.01.01 ","Belanja Alat Tulis Kantor ",132750000,65590000,-67160000,-50.59,"Belanja ATKBelanja ATK kegiatan2 keg x 1.520.000,00 = 3.040.000,00
Belanja ATK peserta workshop Guru SMA/K Kur 13600 org x 98.500,00 = 59.100.000,00
Belanja ATK Peserta Work Shop Kur 13 Pengawas SMA/K30 org x 115.000,00 = 3.450.000,00"
"1.01 . 1.01.02 . 17.58 . 5.2.2.03 ","Belanja Jasa Kantor ",94250000,53730000,-40520000,-42.99,
"1.01 . 1.01.02 . 17.58 . 5.2.2.03.08 ","Belanja Sertifikasi ",1750000,630000,-1120000,-64,"Belanja sertifikat630 lbr x 1.000,00 = 630.000,00"
"1.01 . 1.01.02 . 17.58 . 5.2.2.03.12 ","Belanja Transportasi dan Akomodasi ",92500000,53100000,-39400000,-42.59,"Belanja transportasi peserta
Belanja transportasi peserta workshop kur 13  Guru SMA/K (600 org x 2 hr x Rp 40.000)1,200 org x 40.000,00 = 48.000.000,00
Belanja transportasi peserta Workshop Kur 13 pengawas SMA/K ( 2 hr x 30 orang)60 org x 40.000,00 = 2.400.000,00
Belanja akomodasiBelanja akomodasi kegiatan workshop kur 13 guru SMA/SMK1 keg x 1.500.000,00 = 1.500.000,00
Belanja akomodasi kegiatan workshop kur 13 pengawas SMA/SMK1 keg x 1.200.000,00 = 1.200.000,00"
"1.01 . 1.01.02 . 17.58 . 5.2.2.06 ","Belanja Cetak/Penggandaan/Dokumentasi ",4500000,9070050,4570050,101.56,
"1.01 . 1.01.02 . 17.58 . 5.2.2.06.02 ","Belanja Penggandaan/Foto Copy ",4500000,9070050,4570050,101.56,"Belanja fotocopy
Belanja penggandaan/fotocopy workshop kur 13 guru SMA/K55,000 lbr x 150,00 = 8.250.000,00
Belanja penggandaan/fotocopy workshop kur 13 pengawas5,467 lbr x 150,00 = 820.050,00"
"1.01 . 1.01.02 . 17.58 . 5.2.2.07 ","Belanja Sewa Rumah/Gedung/Gudang/Parkir ",0,2000000,2000000,0,
"1.01 . 1.01.02 . 17.58 . 5.2.2.07.03 ","Belanja Sewa Ruang Rapat/Pertemuan ",0,2000000,2000000,0,"Sewa ruang pertemuan4 keg x 500.000,00 = 2.000.000,00"
"1.01 . 1.01.02 . 17.58 . 5.2.2.11 ","Belanja Makanan Dan Minuman ",877625000,171525000,-706100000,-80.46,
"1.01 . 1.01.02 . 17.58 . 5.2.2.11.02 ","Belanja Makanan Dan Minuman Rapat ",2625000,4025000,1400000,53.33,"Makan minum rapat
Belanja makan minum rapat work shop  Kur 13 Guru150 org x 17.500,00 = 2.625.000,00
Belanja makan minum rapat workshop kur 13 pengawas80 org x 17.500,00 = 1.400.000,00"
"1.01 . 1.01.02 . 17.58 . 5.2.2.11.05 ","Belanja makanan dan minuman pelaksanaan kegiatan",875000000,167500000,-707500000,-80.86,"Belanja makan minum kegiatan peserta dan panitia
Belanja makan minum peserta dan panitia1,250 org x 125.000,00 = 156.250.000,00
Belanja makan minum peserta workshop kur 13 pengawas dan panitia90 0rg x 125.000,00 = 11.250.000,00"
"1.01 . 1.01.02 . 17.58 . 5.2.2.15 ","Belanja Perjalanan Dinas ",7800000,1060000,-6740000,-86.41,
"1.01 . 1.01.02 . 17.58 . 5.2.2.15.01 ","Belanja Perjalanan Dinas Dalam Daerah ",7800000,1060000,-6740000,-86.41,"Belanja perjalanan dinas dalam daerah dalam DIYGolongan 44 org x 70.000,00 = 280.000,00
Golongan 313 org x 60.000,00 = 780.000,00
Golongan 20 org x 50.000,00 = 0,00"
"1.01 . 1.01.02 . 17.58 . 5.2.2.34 ","Honorarium Pelaksanaan Kegiatan ",40000000,16600000,-23400000,-58.5,
"1.01 . 1.01.02 . 17.58 . 5.2.2.34.01 ","Honorarium Nara Sumber/Moderator/Tenaga Ahli ",40000000,16600000,-23400000,-58.5,"Honor narasumber
Honor narasumber kurikulum 2013 Workshop Guru (30 org x 250.000,00 = 7.500.000,00
Honor narasumber workshop kur 13 untuk pengawas6 org x 250.000,00 = 1.500.000,00
Honor monitoring dan evaluasi keg Guru kur 1390 org x 50.000,00 = 4.500.000,00
Honor Operator KelasOperator kelas 15 kelas Guru Kur 1330 org x 40.000,00 = 1.200.000,00
Operator kelas 2 kelas Pengawas kur 134 org x 50.000,00 = 200.000,00
Honor Pendamping KelasHonor Pendamping 15 Kelas Guru kur 13 ( 2 hari )30 org x 50.000,00 = 1.500.000,00
Honor Pendamping 2 kls Pengawas kur 13 (2 hari)4 org x 50.000,00 = 200.000,00"
"1.01 . 1.01.02 . 17.63 ","Penyelenggaraan Paket C Setara SMU ",149400000,149400000,0,0,"Sumber Dana : Dana Alokasi Umum (D A U)
Lokasi Kegiatan : Kabupaten Bantul"
"1.01 . 1.01.02 . 17.63 . 5.2.1 ","Belanja Pegawai ",101530000,101530000,0,0,
"1.01 . 1.01.02 . 17.63 . 5.2.1.01 ","Honorarium PNS ",730000,730000,0,0,
"1.01 . 1.01.02 . 17.63 . 5.2.1.01.01 ","Honorarium Panitia Pelaksana Kegiatan ",730000,730000,0,0,"Honorarium pelaksana kegiatan1 keg x 730.000,00 = 730.000,00"
"1.01 . 1.01.02 . 17.63 . 5.2.1.02 ","Honorarium Non PNS ",100800000,100800000,0,0,
"1.01 . 1.01.02 . 17.63 . 5.2.1.02.02 ","Honorarium Pegawai Honorer/Tidak Tetap ",100800000,100800000,0,0,"Honorarium Pegawai Honorer/Tidak Tetap672 org x 150.000,00 = 100.800.000,00"
"1.01 . 1.01.02 . 17.63 . 5.2.2 ","Belanja Barang dan Jasa ",47870000,47870000,0,0,
"1.01 . 1.01.02 . 17.63 . 5.2.2.01 ","Belanja Bahan Pakai Habis ",1510000,1510000,0,0,
"1.01 . 1.01.02 . 17.63 . 5.2.2.01.01 ","Belanja Alat Tulis Kantor ",1510000,1510000,0,0,"Belanja Alat Tulis Kantor1 keg x 1.510.000,00 = 1.510.000,00"
"1.01 . 1.01.02 . 17.63 . 5.2.2.06 ","Belanja Cetak/Penggandaan/Dokumentasi ",450000,450000,0,0,
"1.01 . 1.01.02 . 17.63 . 5.2.2.06.02 ","Belanja Penggandaan/Foto Copy ",450000,450000,0,0,"Belanja Penggandaan/Fotocopy3,000 lembar x 150,00 = 450.000,00"
"1.01 . 1.01.02 . 17.63 . 5.2.2.11 ","Belanja Makanan Dan Minuman ",1750000,1750000,0,0,
"1.01 . 1.01.02 . 17.63 . 5.2.2.11.02 ","Belanja Makanan Dan Minuman Rapat ",1750000,1750000,0,0,"Belanja Makan dan Minum Rapat100 box x 17.500,00 = 1.750.000,00"
"1.01 . 1.01.02 . 17.63 . 5.2.2.15 ","Belanja Perjalanan Dinas ",4160000,4160000,0,0,
"1.01 . 1.01.02 . 17.63 . 5.2.2.15.01 ","Belanja Perjalanan Dinas Dalam Daerah ",4160000,4160000,0,0,"Belanja Perjalanan Dinas Dalam Daerah (Propinsi)
Belanja Perjalanan Dinas Dalam Daerah Gol. IV18 or x 70.000,00 = 1.260.000,00
Belanja Perjalanan Dinas Dalam Daerah Gol. III12 or x 60.000,00 = 720.000,00
Belanja Perjalanan Dinas Dalam Daerah Gol. II10 or x 50.000,00 = 500.000,00
Belanja Perjalanan Dinas Dalam Daerah (Kabupaten)
Belanja Perjalanan Dinas Dalam Daerah Gol. IV18 or x 50.000,00 = 900.000,00
Belanja Perjalanan Dinas Dalam Daerah Gol. III12 or x 40.000,00 = 480.000,00
Belanja Perjalanan Dinas Dalam Daerah Gol. II10 or x 30.000,00 = 300.000,00"
"1.01 . 1.01.02 . 17.63 . 5.2.2.30 ","Belanja Operasional Pendidikan ",40000000,40000000,0,0,
"1.01 . 1.01.02 . 17.63 . 5.2.2.30.06 ","Belanja Operasional Pendidikan Kejar Paket ",40000000,40000000,0,0,"Belanja operasional Pendidikan Kejar Paket C8 lembaga x 5.000.000,00 = 40.000.000,00"
"1.01 . 1.01.02 . 17.66 ","Peningkatan Kerjasama Dengan Dunia Usaha dan Dunia Indutri ",264612500,264612500,0,0,"Sumber Dana : Dana Alokasi Umum (D A U)
Lokasi Kegiatan : Kab. Bantul"
"1.01 . 1.01.02 . 17.66 . 5.2.1 ","Belanja Pegawai ",2250000,2250000,0,0,
"1.01 . 1.01.02 . 17.66 . 5.2.1.01 ","Honorarium PNS ",2250000,2250000,0,0,
"1.01 . 1.01.02 . 17.66 . 5.2.1.01.01 ","Honorarium Panitia Pelaksana Kegiatan ",2250000,2250000,0,0,"Honor panitia1 tim/bjj x 2.250.000,00 = 2.250.000,00"
"1.01 . 1.01.02 . 17.66 . 5.2.2 ","Belanja Barang dan Jasa ",262362500,262362500,0,0,
"1.01 . 1.01.02 . 17.66 . 5.2.2.01 ","Belanja Bahan Pakai Habis ",400000,400000,0,0,
"1.01 . 1.01.02 . 17.66 . 5.2.2.01.01 ","Belanja Alat Tulis Kantor ",400000,400000,0,0,"Belanja ATK1 keg x 400.000,00 = 400.000,00"
"1.01 . 1.01.02 . 17.66 . 5.2.2.06 ","Belanja Cetak/Penggandaan/Dokumentasi ",300000,300000,0,0,
"1.01 . 1.01.02 . 17.66 . 5.2.2.06.02 ","Belanja Penggandaan/Foto Copy ",300000,300000,0,0,"Belanja fotocopy2,000 lbr x 150,00 = 300.000,00"
"1.01 . 1.01.02 . 17.66 . 5.2.2.11 ","Belanja Makanan Dan Minuman ",1312500,1312500,0,0,
"1.01 . 1.01.02 . 17.66 . 5.2.2.11.02 ","Belanja Makanan Dan Minuman Rapat ",1312500,1312500,0,0,"Belanja makan minum rapat75 doz x 17.500,00 = 1.312.500,00"
"1.01 . 1.01.02 . 17.66 . 5.2.2.15 ","Belanja Perjalanan Dinas ",10350000,10350000,0,0,
"1.01 . 1.01.02 . 17.66 . 5.2.2.15.01 ","Belanja Perjalanan Dinas Dalam Daerah ",5100000,5100000,0,0,"Perajalanan dinas dalam daerahGolongan 450 org x 50.000,00 = 2.500.000,00
Golongan 350 org x 40.000,00 = 2.000.000,00
Golongan 220 org x 30.000,00 = 600.000,00"
"1.01 . 1.01.02 . 17.66 . 5.2.2.15.02 ","Belanja Perjalanan Dinas Luar Daerah ",5250000,5250000,0,0,"Perjalanan dinas luar daerahGolongan 4 dan atau 33 org x 1.750.000,00 = 5.250.000,00"
"1.01 . 1.01.02 . 17.66 . 5.2.2.30 ","Belanja Operasional Pendidikan ",250000000,250000000,0,0,
"1.01 . 1.01.02 . 17.66 . 5.2.2.30.05 ","Belanja Operasional Pendidikan SMA/SMK ",250000000,250000000,0,0,"Biaya operasional pelaksanaan praktek kerja dunia usaha dan dunia industri bagi siswa SMK
Biaya operasional praktek kerja dunia usaha dan dunia industri bagi siswa SMK1 bjj x 250.000.000,00 = 250.000.000,00"
"1.01 . 1.01.02 . 17.67 ","Penyebarluasan dan Sosialisasi Berbagai Informasi Pendidikan Menengah ",25000000,22995000,-2005000,-8.02,"Sumber Dana : Dana Alokasi Umum (D A U)
Lokasi Kegiatan : Kabupaten Bantul"
"1.01 . 1.01.02 . 17.67 . 5.2.1 ","Belanja Pegawai ",4980000,4320000,-660000,-13.25,
"1.01 . 1.01.02 . 17.67 . 5.2.1.01 ","Honorarium PNS ",4660000,4000000,-660000,-14.16,
"1.01 . 1.01.02 . 17.67 . 5.2.1.01.01 ","Honorarium Panitia Pelaksana Kegiatan ",4660000,4000000,-660000,-14.16,"Honor panitia pelaksana kegiatan
Honor panitia Hari jadi Kab. Bantul15 org x 40.000,00 = 600.000,00
Honor panitia Bantul Ekspo30 org x 40.000,00 = 1.200.000,00
Honor prajurit/bregodo13 org x 30.000,00 = 390.000,00
Honor pembawa jodang5 org x 30.000,00 = 150.000,00
Honor penjaga stan pameran40 org x 25.000,00 = 1.000.000,00
Honor piket malam stan pameran22 org x 30.000,00 = 660.000,00"
"1.01 . 1.01.02 . 17.67 . 5.2.1.03 ","Uang Lembur ",320000,320000,0,0,
"1.01 . 1.01.02 . 17.67 . 5.2.1.03.01 ","Uang Lembur PNS ",320000,320000,0,0,"Uang lembur PNSGolongan 3 dan 412 org x 15.000,00 = 180.000,00
Golongan 214 org x 10.000,00 = 140.000,00"
"1.01 . 1.01.02 . 17.67 . 5.2.2 ","Belanja Barang dan Jasa ",20020000,18675000,-1345000,-6.72,
"1.01 . 1.01.02 . 17.67 . 5.2.2.01 ","Belanja Bahan Pakai Habis ",765000,765000,0,0,
"1.01 . 1.01.02 . 17.67 . 5.2.2.01.01 ","Belanja Alat Tulis Kantor ",765000,765000,0,0,"Belanja ATK
Belanja ATK kegiatan1 ls x 765.000,00 = 765.000,00"
"1.01 . 1.01.02 . 17.67 . 5.2.2.02 ","Belanja Bahan/Material ",5100000,5100000,0,0,
"1.01 . 1.01.02 . 17.67 . 5.2.2.02.06 ","Belanja Bahan Percontohan ",5100000,5100000,0,0,"Belanja bahan percontohan
Belanja bahan pameran dalam Bantul Ekspo1 Ls x 2.500.000,00 = 2.500.000,00
Belanja pembuatan mobil hias1 Ls x 1.750.000,00 = 1.750.000,00
Belanja pembuatan jodang dan isinya1 Ls x 850.000,00 = 850.000,00"
"1.01 . 1.01.02 . 17.67 . 5.2.2.03 ","Belanja Jasa Kantor ",3300000,3300000,0,0,
"1.01 . 1.01.02 . 17.67 . 5.2.2.03.13 ","Belanja Dokumentasi ",300000,300000,0,0,"Belanja dokumentasi1 set x 300.000,00 = 300.000,00"
"1.01 . 1.01.02 . 17.67 . 5.2.2.03.14 ","Belanja Dekorasi ",3000000,3000000,0,0,"belanja dekorasi
Belanja dekorasi untuk stan pameran1 set x 3.000.000,00 = 3.000.000,00"
"1.01 . 1.01.02 . 17.67 . 5.2.2.07 ","Belanja Sewa Rumah/Gedung/Gudang/Parkir ",3500000,3500000,0,0,
"1.01 . 1.01.02 . 17.67 . 5.2.2.07.02 ","Belanja Sewa Gedung/Kantor/Tempat ",3500000,3500000,0,0,"Belanja sewa tempat kegiatan
Belanja sewa tempat pameran pada Bantul Ekspo1 paket x 3.500.000,00 = 3.500.000,00"
"1.01 . 1.01.02 . 17.67 . 5.2.2.08 ","Belanja Sewa Sarana Mobilitas ",1500000,1500000,0,0,
"1.01 . 1.01.02 . 17.67 . 5.2.2.08.01 ","Belanja Sewa Sarana Mobilitas Darat ",1500000,1500000,0,0,"Belanja sewa mobilitas darat
Belanja sewa mobil10 kali x 150.000,00 = 1.500.000,00"
"1.01 . 1.01.02 . 17.67 . 5.2.2.10 ","Belanja Sewa Perlengkapan Dan Peralatan Kantor ",2000000,900000,-1100000,-55,
"1.01 . 1.01.02 . 17.67 . 5.2.2.10.06 ","Belanja Sewa Pakaian Adat/Tradisional ",2000000,900000,-1100000,-55,"Sewa pakaian tradisional
Belanja sewa pakaian tradisional18 stel x 50.000,00 = 900.000,00"
"1.01 . 1.01.02 . 17.67 . 5.2.2.11 ","Belanja Makanan Dan Minuman ",3855000,3610000,-245000,-6.36,
"1.01 . 1.01.02 . 17.67 . 5.2.2.11.02 ","Belanja Makanan Dan Minuman Rapat ",600000,600000,0,0,"Belanja makan minum rapat80 dos x 7.500,00 = 600.000,00"
"1.01 . 1.01.02 . 17.67 . 5.2.2.11.04 ","Belanja Makanan dan Minuman lembur ",455000,455000,0,0,"Belanja makan minum lembur26 dos x 17.500,00 = 455.000,00"
"1.01 . 1.01.02 . 17.67 . 5.2.2.11.05 ","Belanja makanan dan minuman pelaksanaan kegiatan",2800000,2555000,-245000,-8.75,"Belanja makan minum kegiatan
Belanja makan minum kegiatan bantul Ekspo120 dos x 17.500,00 = 2.100.000,00
Belanja makan minum kegiatan Hari Jadi Kab. Bantul26 dos x 17.500,00 = 455.000,00"
"1.01 . 1.01.02 . 17.70 ","Project work siswa ",250000000,250000000,0,0,"Sumber Dana : Dana Alokasi Umum (D A U)"
"1.01 . 1.01.02 . 17.70 . 5.2.1 ","Belanja Pegawai ",2000000,2000000,0,0,
"1.01 . 1.01.02 . 17.70 . 5.2.1.01 ","Honorarium PNS ",2000000,2000000,0,0,
"1.01 . 1.01.02 . 17.70 . 5.2.1.01.01 ","Honorarium Panitia Pelaksana Kegiatan ",2000000,2000000,0,0,"Honorarium Panitia1 kegiatan x 2.000.000,00 = 2.000.000,00"
"1.01 . 1.01.02 . 17.70 . 5.2.2 ","Belanja Barang dan Jasa ",248000000,248000000,0,0,
"1.01 . 1.01.02 . 17.70 . 5.2.2.01 ","Belanja Bahan Pakai Habis ",955000,955000,0,0,
"1.01 . 1.01.02 . 17.70 . 5.2.2.01.01 ","Belanja Alat Tulis Kantor ",955000,955000,0,0,"Belanja Alat Tulis Kantor1 kegiatan x 955.000,00 = 955.000,00"
"1.01 . 1.01.02 . 17.70 . 5.2.2.06 ","Belanja Cetak/Penggandaan/Dokumentasi ",990000,990000,0,0,
"1.01 . 1.01.02 . 17.70 . 5.2.2.06.02 ","Belanja Penggandaan/Foto Copy ",990000,990000,0,0,"Belanja Fotocopy6,600 lembar x 150,00 = 990.000,00"
"1.01 . 1.01.02 . 17.70 . 5.2.2.11 ","Belanja Makanan Dan Minuman ",4655000,4655000,0,0,
"1.01 . 1.01.02 . 17.70 . 5.2.2.11.02 ","Belanja Makanan Dan Minuman Rapat ",4655000,4655000,0,0,"Belanja makan dan minum rapat190 oh x 24.500,00 = 4.655.000,00"
"1.01 . 1.01.02 . 17.70 . 5.2.2.15 ","Belanja Perjalanan Dinas ",5660000,5660000,0,0,
"1.01 . 1.01.02 . 17.70 . 5.2.2.15.01 ","Belanja Perjalanan Dinas Dalam Daerah ",5660000,5660000,0,0,"Belanja perjalanan dinas dalam daerah
Belanja perjalanan dinas dalam daerah Gol. IV90 oj x 50.000,00 = 4.500.000,00
Belanja perjalanan dinas dalam daerah Gol. III29 oj x 40.000,00 = 1.160.000,00
Belanja perjalanan dinas dalam daerah Gol. II"
"1.01 . 1.01.02 . 17.70 . 5.2.2.30 ","Belanja Operasional Pendidikan ",235740000,235740000,0,0,
"1.01 . 1.01.02 . 17.70 . 5.2.2.30.05 ","Belanja Operasional Pendidikan SMA/SMK ",235740000,235740000,0,0,"Belanja operasional pendidikan uji kompetensi SMKProgram Teknologi dan Pertanian, Program Seni3,300 siswa x 50.000,00 = 165.000.000,00
Program Pariwisata, Akutansi, Penjualan, Kerumahtanggaan1,404 siswa x 35.000,00 = 49.140.000,00
Program Pekerjaan Sosial dan Administrasi Perkantoran350 siswa x 25.000,00 = 8.750.000,00
Program Kelautan37 siswa x 250.000,00 = 9.250.000,00
Program Pedalangan9 siswa x 400.000,00 = 3.600.000,00sisa1 ls x 0,00 = 0,00"
"1.01 . 1.01.02 . 17.71 ","Pengembangan kelas wirausaha ",44000000,44000000,0,0,"Sumber Dana : 
Lokasi Kegiatan : Kabupaten Bantul"
"1.01 . 1.01.02 . 17.71 . 5.2.1 ","Belanja Pegawai ",1150000,1150000,0,0,
"1.01 . 1.01.02 . 17.71 . 5.2.1.01 ","Honorarium PNS ",1150000,1150000,0,0,
"1.01 . 1.01.02 . 17.71 . 5.2.1.01.01 ","Honorarium Panitia Pelaksana Kegiatan ",1150000,1150000,0,0,"Honorarium Panitia Pelaksana Kegiatan1 oh/bjj x 1.150.000,00 = 1.150.000,00"
"1.01 . 1.01.02 . 17.71 . 5.2.2 ","Belanja Barang dan Jasa ",42850000,42850000,0,0,
"1.01 . 1.01.02 . 17.71 . 5.2.2.01 ","Belanja Bahan Pakai Habis ",550000,550000,0,0,
"1.01 . 1.01.02 . 17.71 . 5.2.2.01.01 ","Belanja Alat Tulis Kantor ",550000,550000,0,0,"Belanja Alat Tulis Kantor
Belanja Alat Tulis Kantor Kegiatan1 kegiatan x 550.000,00 = 550.000,00
Belanja ATK Peserta70 paket x 0,00 = 0,00"
"1.01 . 1.01.02 . 17.71 . 5.2.2.06 ","Belanja Cetak/Penggandaan/Dokumentasi ",450000,450000,0,0,
"1.01 . 1.01.02 . 17.71 . 5.2.2.06.02 ","Belanja Penggandaan/Foto Copy ",450000,450000,0,0,"Belanja Fotocopy3,000 lembar x 150,00 = 450.000,00"
"1.01 . 1.01.02 . 17.71 . 5.2.2.07 ","Belanja Sewa Rumah/Gedung/Gudang/Parkir ",390000,390000,0,0,
"1.01 . 1.01.02 . 17.71 . 5.2.2.07.03 ","Belanja Sewa Ruang Rapat/Pertemuan ",390000,390000,0,0,"Belanja sewa ruang rapat/pertemuan1 kegiatan x 390.000,00 = 390.000,00"
"1.01 . 1.01.02 . 17.71 . 5.2.2.10 ","Belanja Sewa Perlengkapan Dan Peralatan Kantor ",300000,300000,0,0,
"1.01 . 1.01.02 . 17.71 . 5.2.2.10.01 ","Belanja Sewa Meja Kursi ",300000,300000,0,0,"Belanja sewa alat dan perlengkapan1 kegiatan x 300.000,00 = 300.000,00"
"1.01 . 1.01.02 . 17.71 . 5.2.2.11 ","Belanja Makanan Dan Minuman ",1960000,1960000,0,0,
"1.01 . 1.01.02 . 17.71 . 5.2.2.11.05 ","Belanja makanan dan minuman pelaksanaan kegiatan",1960000,1960000,0,0,"Belanja makan dan minum kegiatan80 om x 24.500,00 = 1.960.000,00"
"1.01 . 1.01.02 . 17.71 . 5.2.2.30 ","Belanja Operasional Pendidikan ",38000000,38000000,0,0,
"1.01 . 1.01.02 . 17.71 . 5.2.2.30.05 ","Belanja Operasional Pendidikan SMA/SMK ",38000000,38000000,0,0,"Belanja Operasional Pendidikan Praktek Kewirausahaan19 paket x 2.000.000,00 = 38.000.000,00"
"1.01 . 1.01.02 . 17.71 . 5.2.2.34 ","Honorarium Pelaksanaan Kegiatan ",1200000,1200000,0,0,
"1.01 . 1.01.02 . 17.71 . 5.2.2.34.01 ","Honorarium Nara Sumber/Moderator/Tenaga Ahli ",1200000,1200000,0,0,"Honorarium Penyelenggara Kegiatan/ Nara sumber
Honorarium Penyelenggara Kegiatan/Nara Sumber6 jpl x 200.000,00 = 1.200.000,00"
"1.01 . 1.01.02 . 17.72 ","Penyelenggaraan pendidikan SMA negeri dan sSwasta ",2956869000,4977194000,2020325000,68.33,"Sumber Dana : Dana Alokasi Umum (D A U)
Lokasi Kegiatan : Kabupaten Bantul"
"1.01 . 1.01.02 . 17.72 . 5.2.1 ","Belanja Pegawai ",1168800000,1007800000,-161000000,-13.77,
"1.01 . 1.01.02 . 17.72 . 5.2.1.01 ","Honorarium PNS ",0,7000000,7000000,0,
"1.01 . 1.01.02 . 17.72 . 5.2.1.01.01 ","Honorarium Panitia Pelaksana Kegiatan ",0,7000000,7000000,0,"Honorarium panitia pelaksana kegiatan adiwiyata1 bjj x 750.000,00 = 750.000,00
Honorarium panitia pelaksana kegiatan pendataan Siswa keluarga miskin1 keg x 1.250.000,00 = 1.250.000,00
Honorarium panitia pelaksanaan kegiatan BOP SMA
Honorarium panitia pelaksana kegiatan BOP SMA4 keg x 1.250.000,00 = 5.000.000,00"
"1.01 . 1.01.02 . 17.72 . 5.2.1.02 ","Honorarium Non PNS ",1168800000,1000800000,-168000000,-14.37,
"1.01 . 1.01.02 . 17.72 . 5.2.1.02.02 ","Honorarium Pegawai Honorer/Tidak Tetap ",1168800000,1000800000,-168000000,-14.37,"Honorarium guru dan pegawai tidak tetap
Honorarium  guru dan pegawai tidak tetap (Insentif GTT/GTY/PTT/PTY di SMA Kab. Bantul) dari APBD Kab. Bantul280 orang x 2.400.000,00 = 672.000.000,00
Honorarium  guru dan pegawai tidak tetap (insentif GTT/GTY/PTT/PTY di SMA Kab. Bantul dari APBD DIY274 org x 1.200.000,00 = 328.800.000,00"
"1.01 . 1.01.02 . 17.72 . 5.2.2 ","Belanja Barang dan Jasa ",1788069000,3969394000,2181325000,121.99,
"1.01 . 1.01.02 . 17.72 . 5.2.2.01 ","Belanja Bahan Pakai Habis ",634000,884000,250000,39.43,
"1.01 . 1.01.02 . 17.72 . 5.2.2.01.01 ","Belanja Alat Tulis Kantor ",634000,884000,250000,39.43,"Belanja Alat Tulis Kantor1 kegiatan x 884.000,00 = 884.000,00"
"1.01 . 1.01.02 . 17.72 . 5.2.2.06 ","Belanja Cetak/Penggandaan/Dokumentasi ",675000,1275000,600000,88.89,
"1.01 . 1.01.02 . 17.72 . 5.2.2.06.02 ","Belanja Penggandaan/Foto Copy ",675000,1275000,600000,88.89,"Belanja Penggandaan/Fotocopy8,500 lembar x 150,00 = 1.275.000,00"
"1.01 . 1.01.02 . 17.72 . 5.2.2.11 ","Belanja Makanan Dan Minuman ",1120000,5695000,4575000,408.48,
"1.01 . 1.01.02 . 17.72 . 5.2.2.11.02 ","Belanja Makanan Dan Minuman Rapat ",1120000,5695000,4575000,408.48,"Belanja makan dan minum rapat160 oh x 7.000,00 = 1.120.000,00
Belanja makan minum pelaksanaan kegiatan adiwiyata65 org x 17.500,00 = 1.137.500,00
Belanja Rapat makan minum pelaksanaan kegiatan MGMP25 org x 17.500,00 = 437.500,00
Belanja makan minum rapat pelaksanaan pendataan siswa miskin120 org x 17.500,00 = 2.100.000,00
Belanja Rapat makan minum rapat BOS dan BSM120 org x 7.500,00 = 900.000,00"
"1.01 . 1.01.02 . 17.72 . 5.2.2.15 ","Belanja Perjalanan Dinas ",0,900000,900000,0,
"1.01 . 1.01.02 . 17.72 . 5.2.2.15.01 ","Belanja Perjalanan Dinas Dalam Daerah ",0,900000,900000,0,"Belanja Perjalanan Dinas Dalam Daerah
Belanja Perjalanan Dinas Dalam Daerah Gol. IV10 org x 50.000,00 = 500.000,00
Belanja Perjalanan Dinas Dalam Daerah Gol. III10 org x 40.000,00 = 400.000,00"
"1.01 . 1.01.02 . 17.72 . 5.2.2.30 ","Belanja Operasional Pendidikan ",1785540000,3958040000,2172500000,121.67,
"1.01 . 1.01.02 . 17.72 . 5.2.2.30.05 ","Belanja Operasional Pendidikan SMA/SMK ",1785540000,3958040000,2172500000,121.67,"Belanja Operasional SMABelanja Operasional SMA Negeri1 kegiatan x 1.101.790.000,00 = 1.101.790.000,00
Belanja Operasional SMA Swasta1 kegiatan x 288.750.000,00 = 288.750.000,00
Belanja operasional kegiatan MGMP-SMA/MA16 keg x 3.000.000,00 = 48.000.000,00
Belanja operasional kegiatan penerimaan peserta didik baru PPDB4,130 org x 50.000,00 = 206.500.000,00
Belanja operasional pelaksanaan sekolah adiwiyata3 sekolah x 100.000.000,00 = 300.000.000,00
Belanja Operasional Pendidikan Bagi Siswa SMA dari Keluarga Miskin1,320 anak x 1.500.000,00 = 1.980.000.000,00
Belanja Operasional Pendidikan PPA PKH12 siswa x 2.750.000,00 = 33.000.000,00"
"1.01 . 1.01.02 . 17.72 . 5.2.2.34 ","Honorarium Pelaksanaan Kegiatan ",100000,2600000,2500000,2500,
"1.01 . 1.01.02 . 17.72 . 5.2.2.34.01 ","Honorarium Nara Sumber/Moderator/Tenaga Ahli ",100000,2600000,2500000,2500,"Honorarium narasumber siaran media massa1 orang x 100.000,00 = 100.000,00
Honorarium narasumber sosialisasi
Honoraririum narasumber sosialisasi sekolah adiwiyata1 keg x 500.000,00 = 500.000,00
Honorarium narasumber sosialisasi kegiatan MGMP1 keg x 500.000,00 = 500.000,00
Honorarium narasumber sosialisasi  Bantuan dan Pendataan siswa keluarga Miskin1 keg x 500.000,00 = 500.000,00
Honorarium tim pendataan BOS dan BSM2 keg x 500.000,00 = 1.000.000,00"
"1.01 . 1.01.02 . 17.73 ","Penyelenggaraan pendidikan SMK negeri dan swasta ",3566000000,5557500000,1991500000,55.85,"Sumber Dana : Dana Alokasi Umum (D A U)
Lokasi Kegiatan : Kabupaten Bantul"
"1.01 . 1.01.02 . 17.73 . 5.2.1 ","Belanja Pegawai ",1764000000,1653900000,-110100000,-6.24,
"1.01 . 1.01.02 . 17.73 . 5.2.1.01 ","Honorarium PNS ",0,1500000,1500000,0,
"1.01 . 1.01.02 . 17.73 . 5.2.1.01.01 ","Honorarium Panitia Pelaksana Kegiatan ",0,1500000,1500000,0,"Honorarium Pelaksana Kegiatan
Honorarium Pelaksana KIegiatan1 keg x 1.500.000,00 = 1.500.000,00"
"1.01 . 1.01.02 . 17.73 . 5.2.1.02 ","Honorarium Non PNS ",1764000000,1652400000,-111600000,-6.33,
"1.01 . 1.01.02 . 17.73 . 5.2.1.02.02 ","Honorarium Pegawai Honorer/Tidak Tetap ",1764000000,1652400000,-111600000,-6.33,"Honorarium guru dan pegawai tidak tetap
Honorarium guru tidak tetap (Guru Kontrak) dari APBD Bantul2 orang x 9.000.000,00 = 18.000.000,00
Honorarium/insentif guru dan pegawai tidak tetap (GTT/GTY/PTT/PTY) dari APBD Bantul454 orang x 2.400.000,00 = 1.089.600.000,00
Honorarium/insentif guru dan pegawai tidak tetap (GTT/GTY/PTT/PTY) dari APBD DIY454 org x 1.200.000,00 = 544.800.000,00"
"1.01 . 1.01.02 . 17.73 . 5.2.2 ","Belanja Barang dan Jasa ",1802000000,3903600000,2101600000,116.63,
"1.01 . 1.01.02 . 17.73 . 5.2.2.01 ","Belanja Bahan Pakai Habis ",750000,950000,200000,26.67,
"1.01 . 1.01.02 . 17.73 . 5.2.2.01.01 ","Belanja Alat Tulis Kantor ",750000,950000,200000,26.67,"Belanja Alat Tulis Kantor1 kegiatan x 950.000,00 = 950.000,00"
"1.01 . 1.01.02 . 17.73 . 5.2.2.03 ","Belanja Jasa Kantor ",400000,400000,0,0,
"1.01 . 1.01.02 . 17.73 . 5.2.2.03.15 ","Belanja Publikasi ",400000,400000,0,0,"Belanja publikasi
Belanja publikasi melalui media elektronik1 keg x 400.000,00 = 400.000,00"
"1.01 . 1.01.02 . 17.73 . 5.2.2.06 ","Belanja Cetak/Penggandaan/Dokumentasi ",900000,900000,0,0,
"1.01 . 1.01.02 . 17.73 . 5.2.2.06.02 ","Belanja Penggandaan/Foto Copy ",900000,900000,0,0,"Belanja penggandaan/fotocopy6,000 lembar x 150,00 = 900.000,00"
"1.01 . 1.01.02 . 17.73 . 5.2.2.11 ","Belanja Makanan Dan Minuman ",3850000,5250000,1400000,36.36,
"1.01 . 1.01.02 . 17.73 . 5.2.2.11.02 ","Belanja Makanan Dan Minuman Rapat ",3850000,5250000,1400000,36.36,"Belanja makan dan minum rapat300 om x 17.500,00 = 5.250.000,00"
"1.01 . 1.01.02 . 17.73 . 5.2.2.30 ","Belanja Operasional Pendidikan ",1796000000,3896000000,2100000000,116.93,
"1.01 . 1.01.02 . 17.73 . 5.2.2.30.05 ","Belanja Operasional Pendidikan SMA/SMK ",1796000000,3896000000,2100000000,116.93,"Belanja Operasional Penyelenggaraan Pendidikan SMK1 kegiatan x 1.376.000.000,00 = 1.376.000.000,00
Biaya operasional penyelenggaraan MGMP SMK1 Keg x 20.000.000,00 = 20.000.000,00
Biaya operasional penerimaan peserta didik baru  dan MOS/MOPDB di satuan pendidikan SMK1 keg x 400.000.000,00 = 400.000.000,00
Beasiswa bagi Siswa tidak mampuBeaya Operasional bagi siswa tidak mampu1,000 siswa x 2.000.000,00 = 2.000.000.000,00
Beaya Operasional Sekolah Adi WiyataBeaya Operasional Sekolah Adi Wiyata SMK N 1 Sewon1 keg x 100.000.000,00 = 100.000.000,00"
"1.01 . 1.01.02 . 17.73 . 5.2.2.34 ","Honorarium Pelaksanaan Kegiatan ",100000,100000,0,0,
"1.01 . 1.01.02 . 17.73 . 5.2.2.34.01 ","Honorarium Nara Sumber/Moderator/Tenaga Ahli ",100000,100000,0,0,"Honorarium narasumber siaran media massa1 orang x 100.000,00 = 100.000,00"
"1.01 . 1.01.02 . 17.74 ","Peningkatan minat, bakat, dan kreativitas siswa ",275000000,974500000,699500000,254.36,"Sumber Dana : Dana Alokasi Umum (D A U)
Lokasi Kegiatan : Kabupaten Bantul"
"1.01 . 1.01.02 . 17.74 . 5.2.1 ","Belanja Pegawai ",18430000,18430000,0,0,
"1.01 . 1.01.02 . 17.74 . 5.2.1.01 ","Honorarium PNS ",18430000,18430000,0,0,
"1.01 . 1.01.02 . 17.74 . 5.2.1.01.01 ","Honorarium Panitia Pelaksana Kegiatan ",18430000,18430000,0,0,"Honorarium Pelaksana Kegiatan
Honor Panitia Pelaksana Kegiatan (OSN)1 kegiatan x 2.830.000,00 = 2.830.000,00
Honorarium Panitia Pelaksana Kegiatan (UUD 1945)1 kegiatan x 2.830.000,00 = 2.830.000,00
Honorarium Panitia Pelaksana Kegiatan (OPSI)1 kegiatan x 780.000,00 = 780.000,00
Honorarium Panitia Pelaksana Kegiatan (Debat Bhs Inggris)1 kegiatan x 3.500.000,00 = 3.500.000,00
Honorarium Panitia Pelaksana Kegiatan (OOSN)1 kegiatan x 2.830.000,00 = 2.830.000,00
Honorarium Panitia Pelaksana Kegiatan (FLSSN)1 kegiatan x 2.830.000,00 = 2.830.000,00
Honorarium Panitia Pelaksana Kegiatan (Debat Bhs Indo)1 kegiatan x 2.830.000,00 = 2.830.000,00"
"1.01 . 1.01.02 . 17.74 . 5.2.2 ","Belanja Barang dan Jasa ",256570000,956070000,699500000,272.64,
"1.01 . 1.01.02 . 17.74 . 5.2.2.01 ","Belanja Bahan Pakai Habis ",2695000,2695000,0,0,
"1.01 . 1.01.02 . 17.74 . 5.2.2.01.01 ","Belanja Alat Tulis Kantor ",2695000,2695000,0,0,"Belanja Alat Tulis KantorBelanja Alat Tulis kantor (OSN)1 keg x 525.000,00 = 525.000,00
Belanja Alat Tulis kantor (UUD 1945)1 ls x 400.000,00 = 400.000,00
Belanja Alat Tulis kantor (OPSI)1 ls x 400.000,00 = 400.000,00
Belanja Alat Tulis kantor (Debat Bhs Inggris)1 ls x 590.000,00 = 590.000,00
Belanja Alat Tulis kantor (OOSN)1 ls x 250.000,00 = 250.000,00
Belanja Alat Tulis kantor (FLSSN)1 ls x 250.000,00 = 250.000,00
Belanja Alat Tulis Kantor (Debat Bhs Indo)1 LS x 280.000,00 = 280.000,00"
"1.01 . 1.01.02 . 17.74 . 5.2.2.03 ","Belanja Jasa Kantor ",2300000,2300000,0,0,
"1.01 . 1.01.02 . 17.74 . 5.2.2.03.08 ","Belanja Sertifikasi ",1200000,1200000,0,0,"Belanja SertifikatBelanja Sertifikat (OSN)200 lembar x 2.000,00 = 400.000,00
Belanja Sertifikat (UUD '45)50 lembar x 2.000,00 = 100.000,00
Belanja Sertifikat (OPSI)50 lembar x 2.000,00 = 100.000,00
Belanja Sertifikat (Debat Bhs Inggris)100 lembar x 2.000,00 = 200.000,00
Belanja Sertifikat (OOSN)50 lembar x 2.000,00 = 100.000,00
Belanja Sertifikat (FLSSN)100 lembar x 2.000,00 = 200.000,00
Belanja Sertifikat (Debat Bhs Indo)50 lb x 2.000,00 = 100.000,00"
"1.01 . 1.01.02 . 17.74 . 5.2.2.03.13 ","Belanja Dokumentasi ",700000,700000,0,0,"Belanja DokumentasiBelanja Dokumentasi (OSN)1 kegiatan x 100.000,00 = 100.000,00
Belanja Dokumentasi (UUD '45)1 kegiatan x 100.000,00 = 100.000,00
Belanja Dokumentasi (OPSI)1 kegiatan x 100.000,00 = 100.000,00
Belanja Dokumentasi (Debat Bhs Inggris)1 kegiatan x 100.000,00 = 100.000,00
Belanja Dokumentasi (OOSN)1 kegiatan x 100.000,00 = 100.000,00
Belanja Dokumentasi (FLSSN)1 kegiatan x 100.000,00 = 100.000,00
Belanja Dukumentasi (Debat Bhs Indo)1 keg x 100.000,00 = 100.000,00"
"1.01 . 1.01.02 . 17.74 . 5.2.2.03.15 ","Belanja Publikasi ",400000,400000,0,0,"Belanja publikasi
Belanja publikasi melalui media elektronik (jasa pihak ketiga)1 keg x 400.000,00 = 400.000,00"
"1.01 . 1.01.02 . 17.74 . 5.2.2.06 ","Belanja Cetak/Penggandaan/Dokumentasi ",2625000,2625000,0,0,
"1.01 . 1.01.02 . 17.74 . 5.2.2.06.02 ","Belanja Penggandaan/Foto Copy ",2625000,2625000,0,0,"Belanja Penggandaan
Belanja Penggandaan (OSN)5,000 lembar x 150,00 = 750.000,00
Belanja Penggandaan (UUD '45)2,000 lembar x 150,00 = 300.000,00
Belanja Penggandaan (OPSI)1,000 lembar x 150,00 = 150.000,00
Belanja Penggandaan (Debat Bhs Inggris)3,000 lembar x 150,00 = 450.000,00
Belanja Penggandaan (OOSN)2,000 lembar x 150,00 = 300.000,00
Belanja Penggandaan (FLSSN)2,000 lembar x 150,00 = 300.000,00
Belanja Penggandaan (Debat Bhs Indo)2,500 lb x 150,00 = 375.000,00"
"1.01 . 1.01.02 . 17.74 . 5.2.2.07 ","Belanja Sewa Rumah/Gedung/Gudang/Parkir ",5500000,5500000,0,0,
"1.01 . 1.01.02 . 17.74 . 5.2.2.07.03 ","Belanja Sewa Ruang Rapat/Pertemuan ",5500000,5500000,0,0,"Belanja Sewa Ruang Rapat/Pertemuan
Belanja Sewa Ruang Rapat/Pertemuan (OSN)2 hari x 500.000,00 = 1.000.000,00
Belanja Sewa Ruang Rapat/Pertemuan (UUD '45)1 hari x 500.000,00 = 500.000,00
Belanja Sewa Ruang Rapat/Pertemuan (Debat Bhs Inggris)2 hari x 500.000,00 = 1.000.000,00
Belanja Sewa Ruang Rapat/Pertemuan (OOSN)2 hari x 500.000,00 = 1.000.000,00
Belanja Sewa Ruang Rapat/Pertemuan (FLSSN)2 hari x 500.000,00 = 1.000.000,00
Belanja Sewa Ruang Rapat/Pertemuan (Debat Bhs Indo)2 hr x 500.000,00 = 1.000.000,00"
"1.01 . 1.01.02 . 17.74 . 5.2.2.11 ","Belanja Makanan Dan Minuman ",62925000,62925000,0,0,
"1.01 . 1.01.02 . 17.74 . 5.2.2.11.02 ","Belanja Makanan Dan Minuman Rapat ",2325000,2325000,0,0,"Belanja Makan dan Minum Rapat
Belanja Makan dan Minum Rapat (OSN)84 orang x 7.500,00 = 630.000,00
Belanja Makan dan Minum Rapat (UUD '45)20 orang x 7.500,00 = 150.000,00
Belanja Makan dan Minum Rapat (OPSI)20 orang x 7.500,00 = 150.000,00
Belanja Makan dan Minum Rapat (Debat Bhs Inggris)56 orang x 7.500,00 = 420.000,00
Belanja Makan dan Minum Rapat (OOSN)50 orang x 7.500,00 = 375.000,00
Belanja Makan dan Minum Rapat (FLSSN)50 orang x 7.500,00 = 375.000,00
Belanja Makan Minum Rapat (Debat Bhs Indo)30 or x 7.500,00 = 225.000,00"
"1.01 . 1.01.02 . 17.74 . 5.2.2.11.05 ","Belanja makanan dan minuman pelaksanaan kegiatan",60600000,60600000,0,0,"Belanja Makan dan Minum Kegiatan
Belanja Makan dan Minum Kegiatan (OSN)900 orang x 24.000,00 = 21.600.000,00
Belanja Makan dan Minum Kegiatan (UUD '45)300 orang x 24.000,00 = 7.200.000,00
Belanja Makan dan Minum Kegiatan (OPSI)50 orang x 24.000,00 = 1.200.000,00
Belanja Makan dan Minum Kegiatan (Debat Bhs Inggris)300 orang x 24.000,00 = 7.200.000,00
Belanja Makan dan Minum Kegiatan (OOSN)200 orang x 24.000,00 = 4.800.000,00
Belanja Makan dan Minum Kegiatan (FLSSN)350 or x 24.000,00 = 8.400.000,00
Belanja Makan dan Minum Pembimbingan200 orang x 15.000,00 = 3.000.000,00
Belanja makanan dan minuman kegiatan (Debat Bhs Indo)300 or x 24.000,00 = 7.200.000,00"
"1.01 . 1.01.02 . 17.74 . 5.2.2.14 ","Belanja Pakaian Khusus Dan Hari-Hari Tertentu ",6000000,6000000,0,0,
"1.01 . 1.01.02 . 17.74 . 5.2.2.14.04 ","Belanja Pakaian Olahraga ",6000000,6000000,0,0,"Belanja Pakaian Olahraga40 orang x 150.000,00 = 6.000.000,00"
"1.01 . 1.01.02 . 17.74 . 5.2.2.15 ","Belanja Perjalanan Dinas ",44425000,44425000,0,0,
"1.01 . 1.01.02 . 17.74 . 5.2.2.15.02 ","Belanja Perjalanan Dinas Luar Daerah ",44425000,44425000,0,0,"Belanja perjalanan dinas luar daerah untuk maju ke tingkat nasionalPeningkatan minat, bakat dan kreatifitas siswa (OSN, Debat Bhs Ingrris, Bhs Indon, OOSN, FLSSN, OPSI)1 keg x 44.425.000,00 = 44.425.000,00"
"1.01 . 1.01.02 . 17.74 . 5.2.2.34 ","Honorarium Pelaksanaan Kegiatan ",70100000,70100000,0,0,
"1.01 . 1.01.02 . 17.74 . 5.2.2.34.01 ","Honorarium Nara Sumber/Moderator/Tenaga Ahli ",100000,100000,0,0,"Honor Narasumber siaran media masa
Honor Nara sumber siaran media masa1 keg x 100.000,00 = 100.000,00"
"1.01 . 1.01.02 . 17.74 . 5.2.2.34.10 ","Honorarium Penyelenggaraan Kegiatan ",70000000,70000000,0,0,"Honorarium Penyelenggra
Honor Penyelenggara Kegiatan/Yuri (OSN)48 jpl x 100.000,00 = 4.800.000,00
Honor Penyelenggara Kegiatan/Yuri (UUD 1945)6 jpl x 100.000,00 = 600.000,00
Honor Penyelenggara Kegiatan/Yuri (OPSI)4 jpl x 100.000,00 = 400.000,00
Honor Penyelenggara Kegiatan/Yuri (Debat Bhs Inggris)36 jpl x 100.000,00 = 3.600.000,00
Honor Penyelenggara Kegiatan/Yuri (OOSN)21 jpl x 100.000,00 = 2.100.000,00
Honor Penyelenggara Kegiatan/Yuri (FLSSN)30 jpl x 100.000,00 = 3.000.000,00
Honor Pembimbingan peserta yang maju ke tingkat Propinsi135 oh x 400.000,00 = 54.000.000,00
Honor Penyelenggara Kegiatan/Juri (Debat Bhs Indo)15 org x 100.000,00 = 1.500.000,00"
"1.01 . 1.01.02 . 17.74 . 5.2.2.35 ","Uang Untuk Diberikan Kepada Pihak Ketiga/Masyarakat",60000000,759500000,699500000,1165.83,
"1.01 . 1.01.02 . 17.74 . 5.2.2.35.01 ","Uang Untuk Diberikan Kepada Pihak Ketiga/Masyarakat",60000000,759500000,699500000,1165.83,"Uang untuk diberikan kepada masyarakatHadiah/uang untuk juara OSN1 keg x 20.000.000,00 = 20.000.000,00
Hadiah/uang untuk juara UUD'451 keg x 6.000.000,00 = 6.000.000,00
Hadiah/uang untuk juara OPSI1 keg x 5.000.000,00 = 5.000.000,00
Hadiah/uang untuk juara Debat Bhs Inggris1 keg x 7.000.000,00 = 7.000.000,00
Hadiah/uang untuk juara OOSN1 keg x 6.000.000,00 = 6.000.000,00
Hadiah/uang untuk juara FLSSN1 keg x 10.000.000,00 = 10.000.000,00
Hadiah/uang untuk juara Debat Bhs Indonesia1 keg x 7.000.000,00 = 7.000.000,00
Pemberian Reward bagi siswa yang berhasil juara tk DIY dan Nasional1 keg x 12.000.000,00 = 12.000.000,00
Penghargaan bagi Siswa yang Berprestasi di sekolah 
juara I: 102 X 2.000.000
juara II: 102 x 1.500.000
Juara III: 102 x 1.000.000102 org x 4.500.000,00 = 459.000.000,00
Pemberian Penghargaan Prestasi lainnya (35 SMA)35 keg x 6.500.000,00 = 227.500.000,00"
"1.01 . 1.01.02 . 17.76 ","Lomba Kompetensi Siswa ",125800000,125800000,0,0,"Sumber Dana : Dana Alokasi Umum (D A U)"
"1.01 . 1.01.02 . 17.76 . 5.2.1 ","Belanja Pegawai ",3700000,3700000,0,0,
"1.01 . 1.01.02 . 17.76 . 5.2.1.01 ","Honorarium PNS ",3700000,3700000,0,0,
"1.01 . 1.01.02 . 17.76 . 5.2.1.01.01 ","Honorarium Panitia Pelaksana Kegiatan ",3700000,3700000,0,0,"Honorarium Panitia Pelaksana Kegiatan1 kegiatan x 3.700.000,00 = 3.700.000,00"
"1.01 . 1.01.02 . 17.76 . 5.2.2 ","Belanja Barang dan Jasa ",122100000,122100000,0,0,
"1.01 . 1.01.02 . 17.76 . 5.2.2.01 ","Belanja Bahan Pakai Habis ",925000,925000,0,0,
"1.01 . 1.01.02 . 17.76 . 5.2.2.01.01 ","Belanja Alat Tulis Kantor ",925000,925000,0,0,"Belanja Alat Tulis KegiatanBelanja 
Alat Tulis Kantor1 kegiatan x 925.000,00 = 925.000,00"
"1.01 . 1.01.02 . 17.76 . 5.2.2.02 ","Belanja Bahan/Material ",15350000,15350000,0,0,
"1.01 . 1.01.02 . 17.76 . 5.2.2.02.12 ","Belanja alat-alat/perlengkapan ",15350000,15350000,0,0,"Belanja alat-alat/perlengkapan1 kegiatan x 15.350.000,00 = 15.350.000,00"
"1.01 . 1.01.02 . 17.76 . 5.2.2.03 ","Belanja Jasa Kantor ",400000,400000,0,0,
"1.01 . 1.01.02 . 17.76 . 5.2.2.03.15 ","Belanja Publikasi ",400000,400000,0,0,"Belanja publikasiBelanja publikasi melalui media elektronik1 keg x 400.000,00 = 400.000,00"
"1.01 . 1.01.02 . 17.76 . 5.2.2.06 ","Belanja Cetak/Penggandaan/Dokumentasi ",900000,900000,0,0,
"1.01 . 1.01.02 . 17.76 . 5.2.2.06.02 ","Belanja Penggandaan/Foto Copy ",900000,900000,0,0,"Belanja Fotocopy6,000 lembar x 150,00 = 900.000,00"
"1.01 . 1.01.02 . 17.76 . 5.2.2.11 ","Belanja Makanan Dan Minuman ",12425000,12425000,0,0,
"1.01 . 1.01.02 . 17.76 . 5.2.2.11.02 ","Belanja Makanan Dan Minuman Rapat ",3675000,3675000,0,0,"Belanja Makan dan Minum Rapat150 om x 24.500,00 = 3.675.000,00"
"1.01 . 1.01.02 . 17.76 . 5.2.2.11.05 ","Belanja makanan dan minuman pelaksanaan kegiatan",8750000,8750000,0,0,"Belanja makan dan minum pelaksanaan kegiatan500 om x 17.500,00 = 8.750.000,00"
"1.01 . 1.01.02 . 17.76 . 5.2.2.14 ","Belanja Pakaian Khusus Dan Hari-Hari Tertentu ",12000000,12000000,0,0,
"1.01 . 1.01.02 . 17.76 . 5.2.2.14.05 ","Belanja pakaian kejuaraan/ lomba ",12000000,12000000,0,0,"Belanja pakaian kontingen
Belanja pakaian kontingen dan perlengkapannya (jaket, tas dan topi)30 orang x 400.000,00 = 12.000.000,00"
"1.01 . 1.01.02 . 17.76 . 5.2.2.15 ","Belanja Perjalanan Dinas ",31500000,31500000,0,0,
"1.01 . 1.01.02 . 17.76 . 5.2.2.15.02 ","Belanja Perjalanan Dinas Luar Daerah ",31500000,31500000,0,0,"Belanja perjalanan dinas luar daerah
Belanja perjalanan dinas luar daerah  untuk mendampingi peserta yang berhasil ikut maju di tingkat nasional1 kegiatan x 31.500.000,00 = 31.500.000,00"
"1.01 . 1.01.02 . 17.76 . 5.2.2.34 ","Honorarium Pelaksanaan Kegiatan ",17600000,17600000,0,0,
"1.01 . 1.01.02 . 17.76 . 5.2.2.34.01 ","Honorarium Nara Sumber/Moderator/Tenaga Ahli ",100000,100000,0,0,"Honorarium Narasumber Siaran Media Massa1 orang x 100.000,00 = 100.000,00"
"1.01 . 1.01.02 . 17.76 . 5.2.2.34.05 ","Honor Peserta Seminar/Simposium /Workshop/Sosialisasi",5000000,5000000,0,0,"Honorarium harian siswa/peserta lomba250 orang x 20.000,00 = 5.000.000,00"
"1.01 . 1.01.02 . 17.76 . 5.2.2.34.10 ","Honorarium Penyelenggaraan Kegiatan ",12500000,12500000,0,0,"Belanja honorarium penyelenggara kegiatan/PembimbingBelanja
 honorarium penyelenggara kegiatan (pembimbing)250 OH x 40.000,00 = 10.000.000,00
Belanja honorarium penyelenggara kegiatan10 orang x 250.000,00 = 2.500.000,00"
"1.01 . 1.01.02 . 17.76 . 5.2.2.35 ","Uang Untuk Diberikan Kepada Pihak Ketiga/Masyarakat",31000000,31000000,0,0,
"1.01 . 1.01.02 . 17.76 . 5.2.2.35.01 ","Uang Untuk Diberikan Kepada Pihak Ketiga/Masyarakat",31000000,31000000,0,0,"Belanja hadiah dan penghargaan
Belanja hadiah dan penghargaan untuk peserta yang berhasil meraih kejuaraan di tingkat propinsi dan atau nasional1 keg/bjj x 31.000.000,00 = 31.000.000,00"
"1.01 . 1.01.02 . 17.80 ","Peningkatan Minat Bakat dan Kreatifitas Siswa SMK ",165780000,917280000,751500000,453.31,"Sumber Dana : Dana Alokasi Umum (D A U)"
"1.01 . 1.01.02 . 17.80 . 5.2.1 ","Belanja Pegawai ",10000000,11500000,1500000,15,
"1.01 . 1.01.02 . 17.80 . 5.2.1.01 ","Honorarium PNS ",10000000,11500000,1500000,15,
"1.01 . 1.01.02 . 17.80 . 5.2.1.01.01 ","Honorarium Panitia Pelaksana Kegiatan ",10000000,11500000,1500000,15,"Honorarium Panitia Pelaksana Kegiatan
Honorarium Panitia Pelaksana Kegiatan OST1 kegiatan x 2.500.000,00 = 2.500.000,00
Honorarium Panitia Pelaksana Kegiatan OOSN1 kegiatan x 2.500.000,00 = 2.500.000,00
Honorarium Panitia Pelaksana Kegiatan FLSSN1 kegiatan x 2.500.000,00 = 2.500.000,00
Honorarium Panitia Pelaksana Kegiatan Debat1 kegiatan x 2.500.000,00 = 2.500.000,00
Honorarium Panitia Pelaksanan Kegiatan Siswa Berprestasi1 keg. x 1.500.000,00 = 1.500.000,00"
"1.01 . 1.01.02 . 17.80 . 5.2.2 ","Belanja Barang dan Jasa ",155780000,905780000,750000000,481.45,
"1.01 . 1.01.02 . 17.80 . 5.2.2.01 ","Belanja Bahan Pakai Habis ",3392500,3392500,0,0,
"1.01 . 1.01.02 . 17.80 . 5.2.2.01.01 ","Belanja Alat Tulis Kantor ",3392500,3392500,0,0,"Belanja ATK
Belanja ATK OST1 kegiatan x 975.000,00 = 975.000,00
Belanja ATK OOSN1 kegiatan x 777.500,00 = 777.500,00
Belanja ATK FLSSN1 kegiatan x 750.000,00 = 750.000,00
Belanja ATK untuk debat1 Ls x 890.000,00 = 890.000,00"
"1.01 . 1.01.02 . 17.80 . 5.2.2.03 ","Belanja Jasa Kantor ",1400000,1400000,0,0,
"1.01 . 1.01.02 . 17.80 . 5.2.2.03.08 ","Belanja Sertifikasi ",1000000,1000000,0,0,"Belanja Sertifikat1 kegiatan x 1.000.000,00 = 1.000.000,00"
"1.01 . 1.01.02 . 17.80 . 5.2.2.03.13 ","Belanja Dokumentasi ",400000,400000,0,0,"Belanja Dokumentasi4 kegiatan x 100.000,00 = 400.000,00"
"1.01 . 1.01.02 . 17.80 . 5.2.2.06 ","Belanja Cetak/Penggandaan/Dokumentasi ",4035000,4035000,0,0,
"1.01 . 1.01.02 . 17.80 . 5.2.2.06.02 ","Belanja Penggandaan/Foto Copy ",4035000,4035000,0,0,"Belanja Penggandaan/Fotocopy1 keg x 4.035.000,00 = 4.035.000,00"
"1.01 . 1.01.02 . 17.80 . 5.2.2.07 ","Belanja Sewa Rumah/Gedung/Gudang/Parkir ",2600000,2600000,0,0,
"1.01 . 1.01.02 . 17.80 . 5.2.2.07.03 ","Belanja Sewa Ruang Rapat/Pertemuan ",2600000,2600000,0,0,"Belanja Sewa Ruang Rapat/Pertemuan
Belanja Sewa Ruang Rapat/Pertemuan OST1 hari x 200.000,00 = 200.000,00
Belanja Sewa Ruang Rapat/Pertemuan OOSN5 hari x 400.000,00 = 2.000.000,00
Belanja Sewa Ruang Rapat/Pertemuan FLSSN1 hari x 200.000,00 = 200.000,00
Belanja sewa ruang rapat/pertemuan untuk debat1 hr x 200.000,00 = 200.000,00"
"1.01 . 1.01.02 . 17.80 . 5.2.2.11 ","Belanja Makanan Dan Minuman ",38377500,38377500,0,0,
"1.01 . 1.01.02 . 17.80 . 5.2.2.11.02 ","Belanja Makanan Dan Minuman Rapat ",4952500,4952500,0,0,"Belanja Makan dan Minum Rapat
Belanja Makan dan Minum Rapat OST83 dus x 17.500,00 = 1.452.500,00
Belanja Makan dan Minum Rapat OOSN80 dus x 17.500,00 = 1.400.000,00
Belanja Makan dan Minum Rapat FLSSN60 dus x 17.500,00 = 1.050.000,00
Belanja makan dan minum rapat untuk debat60 dos x 17.500,00 = 1.050.000,00"
"1.01 . 1.01.02 . 17.80 . 5.2.2.11.05 ","Belanja makanan dan minuman pelaksanaan kegiatan",33425000,33425000,0,0,"Belanja Makan dan Minum Kegiatan
Belanja Makan dan Minum Kegiatan OST600 dus x 17.500,00 = 10.500.000,00
Belanja Makan dan Minum Kegiatan OOSN800 dus x 17.500,00 = 14.000.000,00
Belanja Makan dan Minum Kegiatan FLSSN450 dus x 17.500,00 = 7.875.000,00
Belanja makan dan minum kegiatan untuk debat60 dos x 17.500,00 = 1.050.000,00"
"1.01 . 1.01.02 . 17.80 . 5.2.2.14 ","Belanja Pakaian Khusus Dan Hari-Hari Tertentu ",16900000,16900000,0,0,
"1.01 . 1.01.02 . 17.80 . 5.2.2.14.04 ","Belanja Pakaian Olahraga ",5000000,5000000,0,0,"Belanja pakaian olah raga50 orang x 100.000,00 = 5.000.000,00"
"1.01 . 1.01.02 . 17.80 . 5.2.2.14.05 ","Belanja pakaian kejuaraan/ lomba ",11900000,11900000,0,0,"Belanja pakaian kontingen70 orang x 170.000,00 = 11.900.000,00"
"1.01 . 1.01.02 . 17.80 . 5.2.2.15 ","Belanja Perjalanan Dinas ",31950000,31950000,0,0,
"1.01 . 1.01.02 . 17.80 . 5.2.2.15.02 ","Belanja Perjalanan Dinas Luar Daerah ",31950000,31950000,0,0,"Belanja perjalanan dinas luar daerah
Belanja perjalanan dinas luar daerah untuk mendampingi peserta1 keg x 31.950.000,00 = 31.950.000,00"
"1.01 . 1.01.02 . 17.80 . 5.2.2.34 ","Honorarium Pelaksanaan Kegiatan ",30125000,30125000,0,0,
"1.01 . 1.01.02 . 17.80 . 5.2.2.34.05 ","Honor Peserta Seminar/Simposium /Workshop/Sosialisasi",5800000,5800000,0,0,"Honorarium peserta/siswa/lomba
Honor harian siswa OOSN100 kegiatan x 20.000,00 = 2.000.000,00
Honor harian siswa OST150 kegiatan x 20.000,00 = 3.000.000,00
Honor harian siswa debat40 kegiatan x 20.000,00 = 800.000,00"
"1.01 . 1.01.02 . 17.80 . 5.2.2.34.10 ","Honorarium Penyelenggaraan Kegiatan ",24325000,24325000,0,0,"Honorarium Penyelenggara Kegiatan /Pembimbing
Honorarium Harian Penyelenggara Kegiatan OST150 jpl x 40.000,00 = 6.000.000,00
Honorarium Penyelenggara Kegiatan/Juri OOSN100 jpl x 75.000,00 = 7.500.000,00
Honorarium Penyelenggara Kegiatan/Juri FLSSN23 jpl x 75.000,00 = 1.725.000,00
Honorrarium harian Penyelenggara Kegiatan Debat tingkat DIY40 oh x 40.000,00 = 1.600.000,00
Honor penyelenggara kegiatan OST yg maju ke nasional6 jpl x 250.000,00 = 1.500.000,00
Honor penyelenggara kegiatan OOSN yang maju ke nasional8 jpl x 250.000,00 = 2.000.000,00
Honor penyelenggara kegiatan FLSN yang maju ke nasional8 jpl x 250.000,00 = 2.000.000,00
Honor penyelenggara kegiatan debat yang maju ke nasional
Honor harian penyelanggara kegiatan OOSN tingkat DIY50 o/h x 40.000,00 = 2.000.000,00"
"1.01 . 1.01.02 . 17.80 . 5.2.2.35 ","Uang Untuk Diberikan Kepada Pihak Ketiga/Masyarakat",27000000,777000000,750000000,2777.78,
"1.01 . 1.01.02 . 17.80 . 5.2.2.35.01 ","Uang Untuk Diberikan Kepada Pihak Ketiga/Masyarakat",27000000,777000000,750000000,2777.78,"Uang untuk diberikan kepada masyarakat
Belanja hadiah/penghargaan siswa Kejuaraan Tingkat Kabupaten1 kegiatan x 10.000.000,00 = 10.000.000,00
Belanja hadiah/penghargaan siswa Kejuaraan Tingkat DIY1 kegiatan x 7.000.000,00 = 7.000.000,00
Belanja hadiah/penghargaan siswa Kejuaraan Tingkat  Nasional1 kegiatan x 10.000.000,00 = 10.000.000,00
Belanja Operasional Siswa yang memiliki prestasi kelas dan prestasi lainnya750 siswa x 1.000.000,00 = 750.000.000,00"
"1.01 . 1.01.02 . 17.81 ","Lomba Perpustakaan Sekolah SMA/SMK ",12400000,19000000,6600000,53.23,"Sumber Dana : Dana Alokasi Umum (D A U)"
"1.01 . 1.01.02 . 17.81 . 5.2.1 ","Belanja Pegawai ",1290000,1290000,0,0,
"1.01 . 1.01.02 . 17.81 . 5.2.1.01 ","Honorarium PNS ",1290000,1290000,0,0,
"1.01 . 1.01.02 . 17.81 . 5.2.1.01.01 ","Honorarium Panitia Pelaksana Kegiatan ",1290000,1290000,0,0,"Honorarium Panitia Pelaksana Kegiatan1 keg x 1.290.000,00 = 1.290.000,00"
"1.01 . 1.01.02 . 17.81 . 5.2.2 ","Belanja Barang dan Jasa ",11110000,17710000,6600000,59.41,
"1.01 . 1.01.02 . 17.81 . 5.2.2.01 ","Belanja Bahan Pakai Habis ",2385000,2385000,0,0,
"1.01 . 1.01.02 . 17.81 . 5.2.2.01.01 ","Belanja Alat Tulis Kantor ",435000,435000,0,0,"Belanja ATK1 keg x 435.000,00 = 435.000,00"
"1.01 . 1.01.02 . 17.81 . 5.2.2.01.06 ","Belanja Bahan Bakar Minyak/Gas (Non Kendaraan) ",1950000,1950000,0,0,"Belanja BBM
Belanja BBM Non Kendaraan300 lt x 6.500,00 = 1.950.000,00"
"1.01 . 1.01.02 . 17.81 . 5.2.2.06 ","Belanja Cetak/Penggandaan/Dokumentasi ",525000,525000,0,0,
"1.01 . 1.01.02 . 17.81 . 5.2.2.06.02 ","Belanja Penggandaan/Foto Copy ",525000,525000,0,0,"Belanja Penggandaan/Fotocopy3,500 lembar x 150,00 = 525.000,00"
"1.01 . 1.01.02 . 17.81 . 5.2.2.11 ","Belanja Makanan Dan Minuman ",4200000,4200000,0,0,
"1.01 . 1.01.02 . 17.81 . 5.2.2.11.02 ","Belanja Makanan Dan Minuman Rapat ",700000,700000,0,0,"Belanja Makan dan Minum Rapat40 om x 17.500,00 = 700.000,00"
"1.01 . 1.01.02 . 17.81 . 5.2.2.11.05 ","Belanja makanan dan minuman pelaksanaan kegiatan",3500000,3500000,0,0,"Belanja Makan dan Minum Kegiatan140 om x 25.000,00 = 3.500.000,00"
"1.01 . 1.01.02 . 17.81 . 5.2.2.34 ","Honorarium Pelaksanaan Kegiatan ",4000000,10600000,6600000,165,
"1.01 . 1.01.02 . 17.81 . 5.2.2.34.10 ","Honorarium Penyelenggaraan Kegiatan ",4000000,10600000,6600000,165,"Honorarium Penyelenggara Kegiatan
Honorarium Penyelenggara Kegiatan/Juri40 org x 100.000,00 = 4.000.000,00
Hadiah kejuaraan lombaHadiah Lomba Perpustakaan1 keg x 6.000.000,00 = 6.000.000,00
Honorarium pembinaan juara lombahonorarium pembinaan1 keg x 600.000,00 = 600.000,00"
"1.01 . 1.01.02 . 17.82 ","Peningkatan minat, bakat dan kreatifitas Guru ",14917500,14917500,0,0,"Sumber Dana : Dana Alokasi Umum (D A U)"
"1.01 . 1.01.02 . 17.82 . 5.2.1 ","Belanja Pegawai ",1560000,1560000,0,0,
"1.01 . 1.01.02 . 17.82 . 5.2.1.01 ","Honorarium PNS ",1560000,1560000,0,0,
"1.01 . 1.01.02 . 17.82 . 5.2.1.01.01 ","Honorarium Panitia Pelaksana Kegiatan ",1560000,1560000,0,0,"Honor Panitia Pelaksana Kegiatan OSN1 keg x 1.560.000,00 = 1.560.000,00
Honor Penyusun Soal3 jpl x 0,00 = 0,00"
"1.01 . 1.01.02 . 17.82 . 5.2.2 ","Belanja Barang dan Jasa ",13357500,13357500,0,0,
"1.01 . 1.01.02 . 17.82 . 5.2.2.03 ","Belanja Jasa Kantor ",150000,150000,0,0,
"1.01 . 1.01.02 . 17.82 . 5.2.2.03.08 ","Belanja Sertifikasi ",50000,50000,0,0,"Belanja sertifikat25 lbr x 2.000,00 = 50.000,00"
"1.01 . 1.01.02 . 17.82 . 5.2.2.03.13 ","Belanja Dokumentasi ",100000,100000,0,0,"Belanja Dokumentasi1 keg x 100.000,00 = 100.000,00"
"1.01 . 1.01.02 . 17.82 . 5.2.2.06 ","Belanja Cetak/Penggandaan/Dokumentasi ",337500,337500,0,0,
"1.01 . 1.01.02 . 17.82 . 5.2.2.06.02 ","Belanja Penggandaan/Foto Copy ",337500,337500,0,0,"Belanja Penggandaan/Fotocopy2,250 lbr x 150,00 = 337.500,00"
"1.01 . 1.01.02 . 17.82 . 5.2.2.07 ","Belanja Sewa Rumah/Gedung/Gudang/Parkir ",500000,500000,0,0,
"1.01 . 1.01.02 . 17.82 . 5.2.2.07.03 ","Belanja Sewa Ruang Rapat/Pertemuan ",500000,500000,0,0,"Belanja Sewa Ruang Rapat1 keg x 500.000,00 = 500.000,00"
"1.01 . 1.01.02 . 17.82 . 5.2.2.11 ","Belanja Makanan Dan Minuman ",4270000,4270000,0,0,
"1.01 . 1.01.02 . 17.82 . 5.2.2.11.02 ","Belanja Makanan Dan Minuman Rapat ",150000,150000,0,0,"Belanja Makan dan Minuman Rapat20 org x 7.500,00 = 150.000,00"
"1.01 . 1.01.02 . 17.82 . 5.2.2.11.05 ","Belanja makanan dan minuman pelaksanaan kegiatan",4120000,4120000,0,0,"Belanja Makan dan Minuman Kegiatan120 org x 25.000,00 = 3.000.000,00
Konsumsi Pembimbingan56 org x 20.000,00 = 1.120.000,00"
"1.01 . 1.01.02 . 17.82 . 5.2.2.34 ","Honorarium Pelaksanaan Kegiatan ",3300000,3300000,0,0,
"1.01 . 1.01.02 . 17.82 . 5.2.2.34.10 ","Honorarium Penyelenggaraan Kegiatan ",3300000,3300000,0,0,"Honor Penyelenggara Kegiatan
Honor Penyelenggara Kegiatan/Juri8 org x 100.000,00 = 800.000,00
Honor Penyelenggara Kegiatan/Pengawas9 org x 100.000,00 = 900.000,00
Honor Penyusun soal4 jpl x 400.000,00 = 1.600.000,00"
"1.01 . 1.01.02 . 17.82 . 5.2.2.35 ","Uang Untuk Diberikan Kepada Pihak Ketiga/Masyarakat",4800000,4800000,0,0,
"1.01 . 1.01.02 . 17.82 . 5.2.2.35.01 ","Uang Untuk Diberikan Kepada Pihak Ketiga/Masyarakat",4800000,4800000,0,0,"Hadiah /uang untuk juara OSN GuruHadiah/uang untuk juara OSN Guru1 keg x 4.800.000,00 = 4.800.000,00"
"1.01 . 1.01.02 . 17.83 ","Pembelajaran Bahasa Inggris Berbasis TIK bagi Siswa SMA dan SMK ",66112500,59697500,-6415000,-9.7,"Sumber Dana : Dana Alokasi Umum (D A U)
Lokasi Kegiatan : Kabupaten Bantul"
"1.01 . 1.01.02 . 17.83 . 5.2.1 ","Belanja Pegawai ",6125000,950000,-5175000,-84.49,
"1.01 . 1.01.02 . 17.83 . 5.2.1.01 ","Honorarium PNS ",6125000,950000,-5175000,-84.49,
"1.01 . 1.01.02 . 17.83 . 5.2.1.01.01 ","Honorarium Panitia Pelaksana Kegiatan ",4950000,950000,-4000000,-80.81,"Honor panitia pelaksana kegiatan
Honor panitia kegiatan1 org/bjj x 950.000,00 = 950.000,00
Honor monitoring dan evaluasi"
"1.01 . 1.01.02 . 17.83 . 5.2.1.01.02 ","Honorarium Tim Pengadaan Barang dan Jasa ",1175000,0,-1175000,-100,"Honorarium tim pengadaan barang dan jasa
Honor PPKHonor pejabat pengadaanHonor penerima barang"
"1.01 . 1.01.02 . 17.83 . 5.2.2 ","Belanja Barang dan Jasa ",59987500,58747500,-1240000,-2.07,
"1.01 . 1.01.02 . 17.83 . 5.2.2.01 ","Belanja Bahan Pakai Habis ",750000,750000,0,0,
"1.01 . 1.01.02 . 17.83 . 5.2.2.01.01 ","Belanja Alat Tulis Kantor ",750000,750000,0,0,"Belanja alat tulis kantor1 ls x 750.000,00 = 750.000,00"
"1.01 . 1.01.02 . 17.83 . 5.2.2.06 ","Belanja Cetak/Penggandaan/Dokumentasi ",375000,375000,0,0,
"1.01 . 1.01.02 . 17.83 . 5.2.2.06.02 ","Belanja Penggandaan/Foto Copy ",375000,375000,0,0,"Belanja penggandaan/foto copy2,500 lbr x 150,00 = 375.000,00"
"1.01 . 1.01.02 . 17.83 . 5.2.2.11 ","Belanja Makanan Dan Minuman ",3062500,3062500,0,0,
"1.01 . 1.01.02 . 17.83 . 5.2.2.11.02 ","Belanja Makanan Dan Minuman Rapat ",3062500,3062500,0,0,"Belanja makan minum rapat175 or x 17.500,00 = 3.062.500,00"
"1.01 . 1.01.02 . 17.83 . 5.2.2.15 ","Belanja Perjalanan Dinas ",4000000,4000000,0,0,
"1.01 . 1.01.02 . 17.83 . 5.2.2.15.01 ","Belanja Perjalanan Dinas Dalam Daerah ",4000000,4000000,0,0,"Belanja perjalanan dinas dalam daerah di Bantul
Golongan IV50 oj x 50.000,00 = 2.500.000,00
Golongan III30 oj x 40.000,00 = 1.200.000,00
Golongan II10 oj x 30.000,00 = 300.000,00"
"1.01 . 1.01.02 . 17.83 . 5.2.2.30 ","Belanja Operasional Pendidikan ",50000000,48960000,-1040000,-2.08,
"1.01 . 1.01.02 . 17.83 . 5.2.2.30.05 ","Belanja Operasional Pendidikan SMA/SMK ",50000000,48960000,-1040000,-2.08,"Belanja operasional pendidikan  pembelajaran bahasa inggris berbasis TIK bagi siswa SMA/SMK
Belanja operasional pendidikan pembelajaran bahasa inggris berbasis TIK bagi siswa SMA/SMK1 keg x 48.960.000,00 = 48.960.000,00"
"1.01 . 1.01.02 . 17.83 . 5.2.2.34 ","Honorarium Pelaksanaan Kegiatan ",1800000,1600000,-200000,-11.11,
"1.01 . 1.01.02 . 17.83 . 5.2.2.34.01 ","Honorarium Nara Sumber/Moderator/Tenaga Ahli ",1800000,1600000,-200000,-11.11,"Honor narasumber dan moderator
Honor narasumber4 org x 250.000,00 = 1.000.000,00
Honor moderator4 org x 150.000,00 = 600.000,00"
"1.01 . 1.01.02 . 17.84 ","Pendampingan Bantuan Pendidikan bagi Siswa Keluarga Tidak Mampu ",12500000,0,-12500000,-100,"Sumber Dana : Dana Alokasi Umum (D A U)
Lokasi Kegiatan : Kabupaten Bantul"
"1.01 . 1.01.02 . 17.84 . 5.2.1 ","Belanja Pegawai ",6925000,0,-6925000,-100,
"1.01 . 1.01.02 . 17.84 . 5.2.1.01 ","Honorarium PNS ",5700000,0,-5700000,-100,
"1.01 . 1.01.02 . 17.84 . 5.2.1.01.01 ","Honorarium Panitia Pelaksana Kegiatan ",5700000,0,-5700000,-100,"Honorarium Tim pelaksana"
"1.01 . 1.01.02 . 17.84 . 5.2.1.03 ","Uang Lembur ",1225000,0,-1225000,-100,
"1.01 . 1.01.02 . 17.84 . 5.2.1.03.01 ","Uang Lembur PNS ",1225000,0,-1225000,-100,"Lembur PNSGolongan 3 dan 4Golongan 2"
"1.01 . 1.01.02 . 17.84 . 5.2.2 ","Belanja Barang dan Jasa ",5575000,0,-5575000,-100,
"1.01 . 1.01.02 . 17.84 . 5.2.2.11 ","Belanja Makanan Dan Minuman ",3235000,0,-3235000,-100,
"1.01 . 1.01.02 . 17.84 . 5.2.2.11.02 ","Belanja Makanan Dan Minuman Rapat ",2047500,0,-2047500,-100,"Belanja makan minum rapat"
"1.01 . 1.01.02 . 17.84 . 5.2.2.11.04 ","Belanja Makanan dan Minuman lembur ",1187500,0,-1187500,-100,"Belanja makan minum lembur"
"1.01 . 1.01.02 . 17.84 . 5.2.2.15 ","Belanja Perjalanan Dinas ",2340000,0,-2340000,-100,
"1.01 . 1.01.02 . 17.84 . 5.2.2.15.01 ","Belanja Perjalanan Dinas Dalam Daerah ",2340000,0,-2340000,-100,"Belanja perjalanan dinas dalam daerahGolongan 4Golongan 3Golongan 2"
"1.01 . 1.01.02 . 17.85 ","Pembangunan Laboratorium dan Ruang Pratikum Sekolah (Labotatorium Bahasa, Komputer, IPA, IPS dan Lain-Lain) SMK",2677150000,1649197500,-1027952500,-38.4,"Sumber Dana : Dana Alokasi Khusus (D A K)"
"1.01 . 1.01.02 . 17.85 . 5.2.1 ","Belanja Pegawai ",430690000,2760000,-427930000,-99.36,
"1.01 . 1.01.02 . 17.85 . 5.2.1.01 ","Honorarium PNS ",35610000,2760000,-32850000,-92.25,
"1.01 . 1.01.02 . 17.85 . 5.2.1.01.01 ","Honorarium Panitia Pelaksana Kegiatan ",3260000,2760000,-500000,-15.34,"Honorarium penitia pelaksana kegiatan
Honorarium panitia pelaksana kegiatan1 org/bjj x 1.110.000,00 = 1.110.000,00
Honorarium tim peneliti SPJ4 org x 150.000,00 = 600.000,00
Honorarium tim menitoring dan evaluasi7 org/bjj x 150.000,00 = 1.050.000,00"
"1.01 . 1.01.02 . 17.85 . 5.2.1.01.02 ","Honorarium Tim Pengadaan Barang dan Jasa ",850000,0,-850000,-100,"Honor tim pengadaan barang dan jasa
Honor pejabat pembuat komitmen1 org x 0,00 = 0,00"
"1.01 . 1.01.02 . 17.85 . 5.2.1.01.05 ","Honorarium Staf Ahli ",31500000,0,-31500000,-100,"Honor tenaga ahli (DAK)
Honor perencana bangunan/pengawas bangunan (DAK)1 paket x 0,00 = 0,00
Honor perencana/perancang bangunan (DAK)"
"1.01 . 1.01.02 . 17.85 . 5.2.1.02 ","Honorarium Non PNS ",395080000,0,-395080000,-100,
"1.01 . 1.01.02 . 17.85 . 5.2.1.02.02 ","Honorarium Pegawai Honorer/Tidak Tetap ",395080000,0,-395080000,-100,"Honorarium harian
Upah pekerja bangunan dan pekerja perabot pembangunan  laboratorium SMK (DAK)"
"1.01 . 1.01.02 . 17.85 . 5.2.2 ","Belanja Barang dan Jasa ",615897500,15875000,-600022500,-97.42,
"1.01 . 1.01.02 . 17.85 . 5.2.2.01 ","Belanja Bahan Pakai Habis ",600000,10000000,9400000,1566.67,
"1.01 . 1.01.02 . 17.85 . 5.2.2.01.01 ","Belanja Alat Tulis Kantor ",600000,10000000,9400000,1566.67,"Belanja ATK1 ls x 10.000.000,00 = 10.000.000,00"
"1.01 . 1.01.02 . 17.85 . 5.2.2.02 ","Belanja Bahan/Material ",592620000,0,-592620000,-100,
"1.01 . 1.01.02 . 17.85 . 5.2.2.02.01 ","Belanja Bahan Baku untuk Bangunan / Kegiatan Pelayanan / Kegiatan Operasi",592620000,0,-592620000,-100,"Belanja bahan baku bangunan dan bahan perabot laboratorium SMK (DAK)
Belanja bahan baku bangunan dan bahan perabot pembangunan laboratorium SMK (DAK)"
"1.01 . 1.01.02 . 17.85 . 5.2.2.03 ","Belanja Jasa Kantor ",200000,0,-200000,-100,
"1.01 . 1.01.02 . 17.85 . 5.2.2.03.13 ","Belanja Dokumentasi ",200000,0,-200000,-100,"Belanja dokumentasiBelanja dokumentasi kegiatan1 keg x 0,00 = 0,00"
"1.01 . 1.01.02 . 17.85 . 5.2.2.06 ","Belanja Cetak/Penggandaan/Dokumentasi ",187500,1500000,1312500,700,
"1.01 . 1.01.02 . 17.85 . 5.2.2.06.02 ","Belanja Penggandaan/Foto Copy ",187500,1500000,1312500,700,"Belanja penggadaan/fotocoy
Belanja penggandaan/fotocopy10,000 lbr x 150,00 = 1.500.000,00"
"1.01 . 1.01.02 . 17.85 . 5.2.2.11 ","Belanja Makanan Dan Minuman ",8750000,4375000,-4375000,-50,
"1.01 . 1.01.02 . 17.85 . 5.2.2.11.02 ","Belanja Makanan Dan Minuman Rapat ",5250000,2625000,-2625000,-50,"Belanja makanan dan minuman rapat150 org x 0,00 = 0,00
Belanja MMR (DID)150 org x 17.500,00 = 2.625.000,00"
"1.01 . 1.01.02 . 17.85 . 5.2.2.11.05 ","Belanja makanan dan minuman pelaksanaan kegiatan",3500000,1750000,-1750000,-50,"Belanja makanan dan minuman kegiatan
Belanja makanan dan minuman kegiatan/sosialisasi (DAK)100 org x 0,00 = 0,00
Belanja MMK (DID)100 org x 17.500,00 = 1.750.000,00"
"1.01 . 1.01.02 . 17.85 . 5.2.2.15 ","Belanja Perjalanan Dinas ",9040000,0,-9040000,-100,
"1.01 . 1.01.02 . 17.85 . 5.2.2.15.01 ","Belanja Perjalanan Dinas Dalam Daerah ",3640000,0,-3640000,-100,"Belanja perjalanan dinas dalam daerahGolongan 440 org x 0,00 = 0,00
Golongan 335 org x 0,00 = 0,00Golongan 28 org x 0,00 = 0,00"
"1.01 . 1.01.02 . 17.85 . 5.2.2.15.02 ","Belanja Perjalanan Dinas Luar Daerah ",5400000,0,-5400000,-100,"Belanja biaya perjalanan dinas luar daerahGolongan 3 dan atau 4"
"1.01 . 1.01.02 . 17.85 . 5.2.2.34 ","Honorarium Pelaksanaan Kegiatan ",4500000,0,-4500000,-100,
"1.01 . 1.01.02 . 17.85 . 5.2.2.34.01 ","Honorarium Nara Sumber/Moderator/Tenaga Ahli ",4500000,0,-4500000,-100,"Honor narasumber sosialisasi
Honor narasumer sosialisasi10 org x 0,00 = 0,00
Honor moderator10 org x 0,00 = 0,00"
"1.01 . 1.01.02 . 17.85 . 5.2.3 ","Belanja Modal ",1630562500,1630562500,0,0,
"1.01 . 1.01.02 . 17.85 . 5.2.3.26 ","Belanja Modal Pengadaan Konstruksi/Pembelian Bangunan",1630562500,1630562500,0,0,
"1.01 . 1.01.02 . 17.85 . 5.2.3.26.08 ","Belanja Modal Pengadaan Konstruksi/Pembelian Gedung Laboratorium",1630562500,1630562500,0,0,"Belanja modal pengadaan Konstruksi/Pembelian Gedung Laboratorium
Pembangunan gedung/laboratorium seni pertunjukan SMKN I Kasihan (DID)1 paket x 800.000.000,00 = 800.000.000,00
Pembangunan gedung/laboratorium patiseri beserta perlengkapannya SMKN I Sewon (DID)1 paket x 800.000.000,00 = 800.000.000,00
Honor PPK1 org x 1.000.000,00 = 1.000.000,00
Honor panitia pengadaan1 tim/bjj x 1.950.000,00 = 1.950.000,00
Honor penerima barang1 tim/bjj x 2.500.000,00 = 2.500.000,00
Honor perencana bangunan2 org x 4.000.000,00 = 8.000.000,00
Honor pengawas bangunan2 tim x 2.000.000,00 = 4.000.000,00
Perjalanan dinas golongan 435 org x 50.000,00 = 1.750.000,00
Perjalanan dinas golongan 330 org x 40.000,00 = 1.200.000,00
Perjalanan dinas golonagn 220 org x 30.000,00 = 600.000,00
Belanja MMK60 org x 17.500,00 = 1.050.000,00
Belanja MMR75 org x 17.500,00 = 1.312.500,00
Honor narasumber sosialisasi4 org x 300.000,00 = 1.200.000,00
Honor moderator sosialisasi4 org x 1.500.000,00 = 6.000.000,00"
"1.01 . 1.01.02 . 17.86 ","Pembangunan Pepustakaan Sekolah SMK ",1647347500,204847500,-1442500000,-87.57,"Sumber Dana : Dana Alokasi Khusus (D A K)"
"1.01 . 1.01.02 . 17.86 . 5.2.1 ","Belanja Pegawai ",561720000,1760000,-559960000,-99.69,
"1.01 . 1.01.02 . 17.86 . 5.2.1.01 ","Honorarium PNS ",3960000,1760000,-2200000,-55.56,
"1.01 . 1.01.02 . 17.86 . 5.2.1.01.01 ","Honorarium Panitia Pelaksana Kegiatan ",2960000,1760000,-1200000,-40.54,"Honorarium pelaksana kegiatan
Honorarium panitia pelaksana kegiatan1 org/bjj x 1.310.000,00 = 1.310.000,00
HOnorarium peneliti SPJ3 org x 150.000,00 = 450.000,00
Honorarium tim menotiring dan evaluasi (DAK)8 org x 0,00 = 0,00"
"1.01 . 1.01.02 . 17.86 . 5.2.1.01.02 ","Honorarium Tim Pengadaan Barang dan Jasa ",1000000,0,-1000000,-100,"Honor pejabat pembuat komitmen1 org x 0,00 = 0,00"
"1.01 . 1.01.02 . 17.86 . 5.2.1.02 ","Honorarium Non PNS ",557760000,0,-557760000,-100,
"1.01 . 1.01.02 . 17.86 . 5.2.1.02.02 ","Honorarium Pegawai Honorer/Tidak Tetap ",557760000,0,-557760000,-100,"Honorarium harianUpah pekerja bangunan dan pekerja perabot pembangunan  perpustakaan SMK (DAK)"
"1.01 . 1.01.02 . 17.86 . 5.2.2 ","Belanja Barang dan Jasa ",894227500,11687500,-882540000,-98.69,
"1.01 . 1.01.02 . 17.86 . 5.2.2.01 ","Belanja Bahan Pakai Habis ",600000,600000,0,0,
"1.01 . 1.01.02 . 17.86 . 5.2.2.01.01 ","Belanja Alat Tulis Kantor ",600000,600000,0,0,"Belanja ATKBelanaja ATK1 keg x 600.000,00 = 600.000,00"
"1.01 . 1.01.02 . 17.86 . 5.2.2.02 ","Belanja Bahan/Material ",836640000,0,-836640000,-100,
"1.01 . 1.01.02 . 17.86 . 5.2.2.02.01 ","Belanja Bahan Baku untuk Bangunan / Kegiatan Pelayanan / Kegiatan Operasi",836640000,0,-836640000,-100,"Belanja bahan bangunan dan bahan perabot (DAK)
Belanja bahan bangunan dan bahan perabot pembangunan perpustakaan SMK (DAK)"
"1.01 . 1.01.02 . 17.86 . 5.2.2.03 ","Belanja Jasa Kantor ",200000,200000,0,0,
"1.01 . 1.01.02 . 17.86 . 5.2.2.03.13 ","Belanja Dokumentasi ",200000,200000,0,0,"Belanja dokumentasi1 keg x 200.000,00 = 200.000,00"
"1.01 . 1.01.02 . 17.86 . 5.2.2.06 ","Belanja Cetak/Penggandaan/Dokumentasi ",312500,312500,0,0,
"1.01 . 1.01.02 . 17.86 . 5.2.2.06.02 ","Belanja Penggandaan/Foto Copy ",312500,312500,0,0,"Belanja penggadaan/fotocopy
Belanja penggandaan/fotocopy2,500 lbr x 125,00 = 312.500,00"
"1.01 . 1.01.02 . 17.86 . 5.2.2.11 ","Belanja Makanan Dan Minuman ",6125000,6125000,0,0,
"1.01 . 1.01.02 . 17.86 . 5.2.2.11.02 ","Belanja Makanan Dan Minuman Rapat ",2625000,2625000,0,0,"Belanja makanan dan minuman rapat150 org x 17.500,00 = 2.625.000,00"
"1.01 . 1.01.02 . 17.86 . 5.2.2.11.05 ","Belanja makanan dan minuman pelaksanaan kegiatan",3500000,3500000,0,0,"Belanja makanan dan minuman kegiatan
Belanja makanan dan minuman kegiatan/ sosialisasi200 org x 17.500,00 = 3.500.000,00"
"1.01 . 1.01.02 . 17.86 . 5.2.2.15 ","Belanja Perjalanan Dinas ",10850000,4450000,-6400000,-58.99,
"1.01 . 1.01.02 . 17.86 . 5.2.2.15.01 ","Belanja Perjalanan Dinas Dalam Daerah ",6350000,2950000,-3400000,-53.54,"Belanja perjalanan dinas dalam daerahGolongan 430 org x 50.000,00 = 1.500.000,00
Golongan 325 org x 40.000,00 = 1.000.000,00
Golongan 215 org x 30.000,00 = 450.000,00"
"1.01 . 1.01.02 . 17.86 . 5.2.2.15.02 ","Belanja Perjalanan Dinas Luar Daerah ",4500000,1500000,-3000000,-66.67,"Belanja perjalanan dinas luar daerahGolongan 3 dan atau 41 org/tim x 1.500.000,00 = 1.500.000,00"
"1.01 . 1.01.02 . 17.86 . 5.2.2.34 ","Honorarium Pelaksanaan Kegiatan ",39500000,0,-39500000,-100,
"1.01 . 1.01.02 . 17.86 . 5.2.2.34.01 ","Honorarium Nara Sumber/Moderator/Tenaga Ahli ",39500000,0,-39500000,-100,"Honor narasumber sosialisasi10 org x 0,00 = 0,00
Honor moderator10 org x 0,00 = 0,00
Honor tenaga ahli
Honor perencana bangunan16 org x 0,00 = 0,00
Honor tim teknis/pengawas bangunan16 org x 0,00 = 0,00"
"1.01 . 1.01.02 . 17.86 . 5.2.3 ","Belanja Modal ",191400000,191400000,0,0,
"1.01 . 1.01.02 . 17.86 . 5.2.3.11 ","Belanja Modal Pengadaan Perlengkapan Kantor ",0,78000000,78000000,0,
"1.01 . 1.01.02 . 17.86 . 5.2.3.11.13 ","Belanja modal pengadan televisi ",0,78000000,78000000,0,"Belanja pengadaan TV untuk perpustakaan
Pengadaan TV untuk perpustakaan13 paket x 6.000.000,00 = 78.000.000,00"
"1.01 . 1.01.02 . 17.86 . 5.2.3.12 ","Belanja Modal Pengadaan Komputer ",0,78000000,78000000,0,
"1.01 . 1.01.02 . 17.86 . 5.2.3.12.02 ","Belanja Modal Pengadaan Komputer/PC ",0,78000000,78000000,0,"Belanja komputer untuk perpustakaan
Pengadaan komputer untuk perpustakaan13 unit x 6.000.000,00 = 78.000.000,00"
"1.01 . 1.01.02 . 17.86 . 5.2.3.13 ","Belanja Modal Pengadaan Mebeulair ",191400000,35400000,-156000000,-81.5,
"1.01 . 1.01.02 . 17.86 . 5.2.3.13.12 ","Belanja modal pengadaan meubelair ruang perpustakaan",191400000,35400000,-156000000,-81.5,"Belanja modal pengadaan mebeleur, sarana dan prasarana  perpustakaan(DID pengembangan perpustakaan)
Belanja modal pengadaan mebeleur perpustakaan (DID pengembangan perpustakaan)1 paket x 19.000.000,00 = 19.000.000,00
Honor PPK1 org x 500.000,00 = 500.000,00
Honor panitia/pejabat pengadaan1 org x 1.000.000,00 = 1.000.000,00
Honor penerima barang1 org/bjj x 1.250.000,00 = 1.250.000,00
Honor monev (DID)12 org x 250.000,00 = 3.000.000,00
Belanja MMR (DID)150 org x 17.500,00 = 2.625.000,00
Belanja MMK (DID)150 org x 17.500,00 = 2.625.000,00
Perjalanan dinas golongan 430 0rg x 50.000,00 = 1.500.000,00
Perjalanan dinas golongan 330 org x 40.000,00 = 1.200.000,00
Perjalanan dinas golongan 215 org x 30.000,00 = 450.000,00
Honor narasumber sosialisasi (DID)5 org x 300.000,00 = 1.500.000,00
Honor moderator sosialisasi (DID)5 org x 150.000,00 = 750.000,00"
"1.01 . 1.01.02 . 17.87 ","Rehabilitasi Sedang/Berat Ruang Kelas Sekolah SMK ",2467335000,680955000,-1786380000,-72.4,"Sumber Dana : Dana Alokasi Khusus (D A K)"
"1.01 . 1.01.02 . 17.87 . 5.2.1 ","Belanja Pegawai ",665010000,2555000,-662455000,-99.62,
"1.01 . 1.01.02 . 17.87 . 5.2.1.01 ","Honorarium PNS ",17610000,2555000,-15055000,-85.49,
"1.01 . 1.01.02 . 17.87 . 5.2.1.01.01 ","Honorarium Panitia Pelaksana Kegiatan ",16610000,2555000,-14055000,-84.62,"Honor panitia pelaksana kegiatan
Honor Tim Pembina DAK Kabupaten Bantul1 org/bjj x 0,00 = 0,00
Honor panitia pelaksana1 org/bjj x 1.110.000,00 = 1.110.000,00
Honor tim survei1 org/bjj x 350.000,00 = 350.000,00
Honor peneliti SPJ3 org x 15.000,00 = 45.000,00
Honor tim monev7 org x 150.000,00 = 1.050.000,00"
"1.01 . 1.01.02 . 17.87 . 5.2.1.01.02 ","Honorarium Tim Pengadaan Barang dan Jasa ",1000000,0,-1000000,-100,"Honor pejabat pembuat komitmen1 org x 0,00 = 0,00"
"1.01 . 1.01.02 . 17.87 . 5.2.1.02 ","Honorarium Non PNS ",647400000,0,-647400000,-100,
"1.01 . 1.01.02 . 17.87 . 5.2.1.02.02 ","Honorarium Pegawai Honorer/Tidak Tetap ",647400000,0,-647400000,-100,"Honorarium harian
Upah pekerja bangunan dan pekerja perabot rehab rusak berat ruang belajar SMK (DAK)"
"1.01 . 1.01.02 . 17.87 . 5.2.2 ","Belanja Barang dan Jasa ",1110425000,6500000,-1103925000,-99.41,
"1.01 . 1.01.02 . 17.87 . 5.2.2.01 ","Belanja Bahan Pakai Habis ",800000,5000000,4200000,525,
"1.01 . 1.01.02 . 17.87 . 5.2.2.01.01 ","Belanja Alat Tulis Kantor ",800000,5000000,4200000,525,"Belanja ATK1 ls x 5.000.000,00 = 5.000.000,00"
"1.01 . 1.01.02 . 17.87 . 5.2.2.02 ","Belanja Bahan/Material ",971100000,0,-971100000,-100,
"1.01 . 1.01.02 . 17.87 . 5.2.2.02.01 ","Belanja Bahan Baku untuk Bangunan / Kegiatan Pelayanan / Kegiatan Operasi",971100000,0,-971100000,-100,"Belanja Bahan Baku untuk Bangunan/ Kegiatan Pelayanan/ Kegiatan OperasiBM Bahan Baku Bangunan"
"1.01 . 1.01.02 . 17.87 . 5.2.2.03 ","Belanja Jasa Kantor ",200000,0,-200000,-100,
"1.01 . 1.01.02 . 17.87 . 5.2.2.03.13 ","Belanja Dokumentasi ",200000,0,-200000,-100,"belanja dokumentasi1 keg x 0,00 = 0,00"
"1.01 . 1.01.02 . 17.87 . 5.2.2.06 ","Belanja Cetak/Penggandaan/Dokumentasi ",250000,1500000,1250000,500,
"1.01 . 1.01.02 . 17.87 . 5.2.2.06.02 ","Belanja Penggandaan/Foto Copy ",250000,1500000,1250000,500,"belanja penggandaan/fotocopy10,000 lbr x 150,00 = 1.500.000,00"
"1.01 . 1.01.02 . 17.87 . 5.2.2.11 ","Belanja Makanan Dan Minuman ",6475000,0,-6475000,-100,
"1.01 . 1.01.02 . 17.87 . 5.2.2.11.02 ","Belanja Makanan Dan Minuman Rapat ",3062500,0,-3062500,-100,"Belanja makan minum rapat
Belanja makan minum rapat (DAK)100 org x 0,00 = 0,00
Belanja MMER75 org x 0,00 = 0,00"
"1.01 . 1.01.02 . 17.87 . 5.2.2.11.05 ","Belanja makanan dan minuman pelaksanaan kegiatan",3412500,0,-3412500,-100,"Belanja makan minum kegiatan
belanja makan minum kegiatan/sosialisasi120 org x 0,00 = 0,00
Belanja MMK75 org x 0,00 = 0,00"
"1.01 . 1.01.02 . 17.87 . 5.2.2.15 ","Belanja Perjalanan Dinas ",10100000,0,-10100000,-100,
"1.01 . 1.01.02 . 17.87 . 5.2.2.15.01 ","Belanja Perjalanan Dinas Dalam Daerah ",4700000,0,-4700000,-100,"Biaya perjalanan dinas dalam daerahGolongan 446 org x 0,00 = 0,00
Golongan 345 org x 0,00 = 0,00
Golongan 220 org x 0,00 = 0,00"
"1.01 . 1.01.02 . 17.87 . 5.2.2.15.02 ","Belanja Perjalanan Dinas Luar Daerah ",5400000,0,-5400000,-100,"Biaya perjalanan dinas luar daerahGolongan 3 dan atau 44 org x 0,00 = 0,00"
"1.01 . 1.01.02 . 17.87 . 5.2.2.34 ","Honorarium Pelaksanaan Kegiatan ",121500000,0,-121500000,-100,
"1.01 . 1.01.02 . 17.87 . 5.2.2.34.01 ","Honorarium Nara Sumber/Moderator/Tenaga Ahli ",121500000,0,-121500000,-100,"Honor narasumber, perencana dan pengawas bangunan
Honor narasumber sosialisasi10 org x 0,00 = 0,00
Honor moderator sosialisasi10 org x 0,00 = 0,00
Honor perencana bangunan26 paket x 0,00 = 0,00
Honor tim teknis/pengawas bangunan26 paket x 0,00 = 0,00"
"1.01 . 1.01.02 . 17.87 . 5.2.3 ","Belanja Modal ",691900000,671900000,-20000000,-2.89,
"1.01 . 1.01.02 . 17.87 . 5.2.3.26 ","Belanja Modal Pengadaan Konstruksi/Pembelian Bangunan",691900000,671900000,-20000000,-2.89,
"1.01 . 1.01.02 . 17.87 . 5.2.3.26.16 ","Belanja Modal Pengadaan Konstruksi/Pembelian Gedung Pendidikan",691900000,671900000,-20000000,-2.89,"Belanja modal pengadaan Konstruksi/Pembelian Gedung PendidikanRehabilitasi ruang belajar siswa SMKN 1 Bantul (DID)10 paket x 65.000.000,00 = 650.000.000,00
Honor PPK1 org x 1.000.000,00 = 1.000.000,00
Honor panitia pengadaan1 org/bjj x 1.500.000,00 = 1.500.000,00
Honor panitia penerima/pemeriksa barang1 org/bjj x 2.500.000,00 = 2.500.000,00
Honor perencana dan pengawas bangunan2 org x 2.500.000,00 = 5.000.000,00
Honor tim survei dan analisis kerusakan1 org/bjj x 2.500.000,00 = 2.500.000,00
Belanja MMR100 org x 17.500,00 = 1.750.000,00
Belanja MMK100 org x 17.500,00 = 1.750.000,00
Honor narasumber sosialisasi6 org x 300.000,00 = 1.800.000,00
Honor moderator sosialisasi6 org x 150.000,00 = 900.000,00
Perjalanan dinas golongan 435 org x 50.000,00 = 1.750.000,00
Perjalanan dinas golongan 325 org x 40.000,00 = 1.000.000,00
Perjalanan dinas golongan 215 org x 30.000,00 = 450.000,00"
"1.01 . 1.01.02 . 17.88 ","Pengadaan Alat Praktik dan Peraga Siswa SMK ",1737185000,840035000,-897150000,-51.64,"Sumber Dana : Dana Alokasi Khusus (D A K)"
"1.01 . 1.01.02 . 17.88 . 5.2.1 ","Belanja Pegawai ",3485000,1060000,-2425000,-69.58,
"1.01 . 1.01.02 . 17.88 . 5.2.1.01 ","Honorarium PNS ",3485000,1060000,-2425000,-69.58,
"1.01 . 1.01.02 . 17.88 . 5.2.1.01.01 ","Honorarium Panitia Pelaksana Kegiatan ",1060000,1060000,0,0,"Honor panitia pelaksana kegiatan1 org/bjj x 1.060.000,00 = 1.060.000,00"
"1.01 . 1.01.02 . 17.88 . 5.2.1.01.02 ","Honorarium Tim Pengadaan Barang dan Jasa ",2425000,0,-2425000,-100,"Honor tim pengadaan barang dan jasa
Honor pejabat pembuat komitmen1 org x 0,00 = 0,00
Honor panitia pengadaan alat laboratorium1 tim/bjj x 0,00 = 0,00
Honor panitia penerima barang pengadaan alat laboratorium1 tim/bjj x 0,00 = 0,00
Honor panitia pengadaan alat praktik siswa1 bjj x 0,00 = 0,00
Honor panitia penerima barang pengadaan alat praktik siswa1 bjj x 0,00 = 0,00"
"1.01 . 1.01.02 . 17.88 . 5.2.2 ","Belanja Barang dan Jasa ",408825000,14100000,-394725000,-96.55,
"1.01 . 1.01.02 . 17.88 . 5.2.2.01 ","Belanja Bahan Pakai Habis ",700000,1600000,900000,128.57,
"1.01 . 1.01.02 . 17.88 . 5.2.2.01.01 ","Belanja Alat Tulis Kantor ",700000,1600000,900000,128.57,"Belanja ATK1 keg x 1.600.000,00 = 1.600.000,00"
"1.01 . 1.01.02 . 17.88 . 5.2.2.06 ","Belanja Cetak/Penggandaan/Dokumentasi ",125000,4500000,4375000,3500,
"1.01 . 1.01.02 . 17.88 . 5.2.2.06.02 ","Belanja Penggandaan/Foto Copy ",125000,4500000,4375000,3500,"Belanja fotocopy
Belanja penggadaan/fotocopy30,000 lbr x 150,00 = 4.500.000,00"
"1.01 . 1.01.02 . 17.88 . 5.2.2.11 ","Belanja Makanan Dan Minuman ",3150000,3150000,0,0,
"1.01 . 1.01.02 . 17.88 . 5.2.2.11.02 ","Belanja Makanan Dan Minuman Rapat ",3150000,3150000,0,0,"Belanja Makan Minum Rapat180 org x 17.500,00 = 3.150.000,00"
"1.01 . 1.01.02 . 17.88 . 5.2.2.15 ","Belanja Perjalanan Dinas ",4850000,4850000,0,0,
"1.01 . 1.01.02 . 17.88 . 5.2.2.15.01 ","Belanja Perjalanan Dinas Dalam Daerah ",800000,800000,0,0,"Belanja perjalanan dinas dalam daerah
Golongan 44 org x 50.000,00 = 200.000,00
Golongan 312 org x 40.000,00 = 480.000,00
Golongan 24 org x 30.000,00 = 120.000,00"
"1.01 . 1.01.02 . 17.88 . 5.2.2.15.02 ","Belanja Perjalanan Dinas Luar Daerah ",4050000,4050000,0,0,"Belanja perjalanan dinas luar daerah
Golongan 3 dan atau 43 tim x 1.350.000,00 = 4.050.000,00"
"1.01 . 1.01.02 . 17.88 . 5.2.2.23 ","Belanja Barang yang akan diserahkan kepada Masyarakat/ Pihak ketiga",400000000,0,-400000000,-100,
"1.01 . 1.01.02 . 17.88 . 5.2.2.23.01 ","Belanja Barang yang akan diserahkan kepada Masyarakat",400000000,0,-400000000,-100,"Belanja pengadaan perlatan laboratorium sains (DAK)
Belanja pengadaan peralatan laboratorium biologi bagi SMK swasta (DAK)4 paket x 0,00 = 0,00"
"1.01 . 1.01.02 . 17.88 . 5.2.3 ","Belanja Modal ",1324875000,824875000,-500000000,-37.74,
"1.01 . 1.01.02 . 17.88 . 5.2.3.12 ","Belanja Modal Pengadaan Komputer ",765625000,765625000,0,0,
"1.01 . 1.01.02 . 17.88 . 5.2.3.12.02 ","Belanja Modal Pengadaan Komputer/PC ",765625000,765625000,0,0,"Belanja modal pengadaan komputer siswa SMK (DID)100 unit x 7.500.000,00 = 750.000.000,00
Honor PPK komputer1 org x 1.000.000,00 = 1.000.000,00
Honor panitia pengadaan komputer1 tim/bjj x 1.425.000,00 = 1.425.000,00
Honor penerima barang1 tim/bjj x 900.000,00 = 900.000,00
Honor tim ahli komputer1 org x 400.000,00 = 400.000,00
Belanja MMR100 org x 17.500,00 = 1.750.000,00
Belanja MMK100 org x 17.500,00 = 1.750.000,00
Honor narasumebr sosialisasi3 org x 300.000,00 = 900.000,00
Honor moderator sosialisasi3 org x 1.500.000,00 = 4.500.000,00
Perjalanan dinas golongan 430 org x 50.000,00 = 1.500.000,00
Perjalanan dinas golongan 330 org x 40.000,00 = 1.200.000,00
Perjalanan dinas golongan 210 org x 30.000,00 = 300.000,00"
"1.01 . 1.01.02 . 17.88 . 5.2.3.20 ","Belanja Modal Pengadaan Alat-Alat Laboratorium ",500000000,0,-500000000,-100,
"1.01 . 1.01.02 . 17.88 . 5.2.3.20.02 ","Belanja Modal Pengadaan Alat-Alat Laboratorium Fisika/Geologi/Geodesi",200000000,0,-200000000,-100,"Belanja Modal Alat LabBM Alat Laborat"
"1.01 . 1.01.02 . 17.88 . 5.2.3.20.08 ","Belanja Modal Pengadaan Alat-Alat Laboratorium Bahasa",100000000,0,-100000000,-100,"Belanja Modal Alat Laboratorium Bahasa
BM Alat Lab Bahasa"
"1.01 . 1.01.02 . 17.88 . 5.2.3.20.11 ","Belanja modal alat-alat Laboratorium perbengkelan",200000000,0,-200000000,-100,"Belanja Modal Alat Lab Perbengkelan
BM Alat Lab Bengkel"
"1.01 . 1.01.02 . 17.88 . 5.2.3.37 ","Belanja Modal Pengadaan Alat-alat Olah Raga ",59250000,59250000,0,0,
"1.01 . 1.01.02 . 17.88 . 5.2.3.37.01 ","Belanja modal alat-alat olah raga ",59250000,59250000,0,0,"Belanja modal pengadaan alat-alat olahraga siswa SMK (DID)1 paket x 50.000.000,00 = 50.000.000,00
Honor PPK1 org x 350.000,00 = 350.000,00
Honor pejabat pengadaan1 org x 300.000,00 = 300.000,00
Honor penerima barang1 org/bjj x 750.000,00 = 750.000,00
Belanja MMR100 org x 17.500,00 = 1.750.000,00
Perjalanan dinas golongan 430 org x 50.000,00 = 1.500.000,00
Perjalanan dinas golongan 330 org x 40.000,00 = 1.200.000,00
Perjalanan dinas golongan 210 org x 30.000,00 = 300.000,00
Belanja MMK100 org x 17.500,00 = 1.750.000,00
Honor narasumber sosialisasi3 org x 300.000,00 = 900.000,00
Honor moderator sosialisasi3 org x 150.000,00 = 450.000,00"
"1.01 . 1.01.02 . 17.89 ","Pengadaan Buku-Buku dan Alat Tulis Siswa SMK ",1785885000,0,-1785885000,-100,"Sumber Dana : Dana Alokasi Khusus (D A K)"
"1.01 . 1.01.02 . 17.89 . 5.2.1 ","Belanja Pegawai ",11360000,0,-11360000,-100,
"1.01 . 1.01.02 . 17.89 . 5.2.1.01 ","Honorarium PNS ",11360000,0,-11360000,-100,
"1.01 . 1.01.02 . 17.89 . 5.2.1.01.01 ","Honorarium Panitia Pelaksana Kegiatan ",2360000,0,-2360000,-100,"Honorarium pelaksana kegiatan
Honorarium panitia pelaksana kegiatan1 org/bjj x 0,00 = 0,00
Honorarium tim monitoring dan evaluasi7 org x 0,00 = 0,00"
"1.01 . 1.01.02 . 17.89 . 5.2.1.01.02 ","Honorarium Tim Pengadaan Barang dan Jasa ",9000000,0,-9000000,-100,"Honorarium tim pengadaan barang/jasa
Honorarium pejabat pembuat komitmen1 org x 0,00 = 0,00
Honorarium panitia pengadaan1 org/bjj x 0,00 = 0,00
Honorarium penerima barang1 org/bjj x 0,00 = 0,00
Honor tim teknis buku1 org/bjj x 0,00 = 0,00"
"1.01 . 1.01.02 . 17.89 . 5.2.2 ","Belanja Barang dan Jasa ",74525000,0,-74525000,-100,
"1.01 . 1.01.02 . 17.89 . 5.2.2.01 ","Belanja Bahan Pakai Habis ",850000,0,-850000,-100,
"1.01 . 1.01.02 . 17.89 . 5.2.2.01.01 ","Belanja Alat Tulis Kantor ",850000,0,-850000,-100,"Belanja ATK1 keg x 0,00 = 0,00"
"1.01 . 1.01.02 . 17.89 . 5.2.2.06 ","Belanja Cetak/Penggandaan/Dokumentasi ",300000,0,-300000,-100,
"1.01 . 1.01.02 . 17.89 . 5.2.2.06.02 ","Belanja Penggandaan/Foto Copy ",300000,0,-300000,-100,"Belanja penggadaan/fotiocopy
Belanja penggandaan/fotocopy2,000 lbr x 0,00 = 0,00"
"1.01 . 1.01.02 . 17.89 . 5.2.2.11 ","Belanja Makanan Dan Minuman ",9625000,0,-9625000,-100,
"1.01 . 1.01.02 . 17.89 . 5.2.2.11.02 ","Belanja Makanan Dan Minuman Rapat ",2625000,0,-2625000,-100,"Belanja makanan dan minuman rapat150 org x 0,00 = 0,00"
"1.01 . 1.01.02 . 17.89 . 5.2.2.11.05 ","Belanja makanan dan minuman pelaksanaan kegiatan",7000000,0,-7000000,-100,"Belanja makanan dan minuman kegiatan
Belanja makanan dan minuman kegiatan/ sosialisasi400 org x 0,00 = 0,00"
"1.01 . 1.01.02 . 17.89 . 5.2.2.15 ","Belanja Perjalanan Dinas ",13750000,0,-13750000,-100,
"1.01 . 1.01.02 . 17.89 . 5.2.2.15.01 ","Belanja Perjalanan Dinas Dalam Daerah ",4750000,0,-4750000,-100,"Belanja perjalanan dinas dalam daerah
Golongan 440 org x 0,00 = 0,00
Golongan 350 org x 0,00 = 0,00
Golongan 225 org x 0,00 = 0,00"
"1.01 . 1.01.02 . 17.89 . 5.2.2.15.02 ","Belanja Perjalanan Dinas Luar Daerah ",9000000,0,-9000000,-100,"Biaya perjalanan dinas luar daerah
Golongan 3 dan atau 46 tim x 0,00 = 0,00"
"1.01 . 1.01.02 . 17.89 . 5.2.2.23 ","Belanja Barang yang akan diserahkan kepada Masyarakat/ Pihak ketiga",50000000,0,-50000000,-100,
"1.01 . 1.01.02 . 17.89 . 5.2.2.23.02 ","Belanja Barang yang akan diserahkan kepada Pihak ketiga",50000000,0,-50000000,-100,"Belanja barang yang akan diserahkan kepada sekolah
Pengadaan buku kurikulum 2013 untuk siswa4,900 paket x 0,00 = 0,00
Pengadaan buku pegangan guru kurikulum 2013 untuk SMK Swasta1,800 buah x 0,00 = 0,00"
"1.01 . 1.01.02 . 17.89 . 5.2.3 ","Belanja Modal ",1700000000,0,-1700000000,-100,
"1.01 . 1.01.02 . 17.89 . 5.2.3.27 ","Belanja Modal Pengadaan Buku/Kepustakaan ",1700000000,0,-1700000000,-100,
"1.01 . 1.01.02 . 17.89 . 5.2.3.27.22 ","Belanja Modal Pengadaan Buku Naskah ",1700000000,0,-1700000000,-100,"Belanja modal pengadaan buku naskah kurikulum 2013 SMK (DAK)
Pengadaan buku kurikulum 2013 untuk siswa6,000 paket x 0,00 = 0,00
Buku pegangan guru kurikulum 2013769 buah x 0,00 = 0,00
sisa pengadaan buku kurikulum 20131 buah x 0,00 = 0,00"
"1.01 . 1.01.02 . 17.92 ","Penyelenggaraan Sekolah Adiwiyata ",404837500,0,-404837500,-100,"Sumber Dana :
 Lokasi Kegiatan : Kab. Bantul"
"1.01 . 1.01.02 . 17.92 . 5.2.1 ","Belanja Pegawai ",750000,0,-750000,-100,
"1.01 . 1.01.02 . 17.92 . 5.2.1.01 ","Honorarium PNS ",750000,0,-750000,-100,
"1.01 . 1.01.02 . 17.92 . 5.2.1.01.01 ","Honorarium Panitia Pelaksana Kegiatan ",750000,0,-750000,-100,"Honor panitia pelaksana kegiatan"
"1.01 . 1.01.02 . 17.92 . 5.2.2 ","Belanja Barang dan Jasa ",404087500,0,-404087500,-100,
"1.01 . 1.01.02 . 17.92 . 5.2.2.01 ","Belanja Bahan Pakai Habis ",250000,0,-250000,-100,
"1.01 . 1.01.02 . 17.92 . 5.2.2.01.01 ","Belanja Alat Tulis Kantor ",250000,0,-250000,-100,"Belanja ATK"
"1.01 . 1.01.02 . 17.92 . 5.2.2.11 ","Belanja Makanan Dan Minuman ",1137500,0,-1137500,-100,
"1.01 . 1.01.02 . 17.92 . 5.2.2.11.02 ","Belanja Makanan Dan Minuman Rapat ",350000,0,-350000,-100,"Belanja makan minum rapat"
"1.01 . 1.01.02 . 17.92 . 5.2.2.11.05 ","Belanja makanan dan minuman pelaksanaan kegiatan",787500,0,-787500,-100,"Belanja makan minum kegiatan
Belanja makan minum kegiatan sosialisasi"
"1.01 . 1.01.02 . 17.92 . 5.2.2.15 ","Belanja Perjalanan Dinas ",900000,0,-900000,-100,
"1.01 . 1.01.02 . 17.92 . 5.2.2.15.01 ","Belanja Perjalanan Dinas Dalam Daerah ",900000,0,-900000,-100,"Belanja perjalanan dinas dalam daerahGolongan 4Golongan 3"
"1.01 . 1.01.02 . 17.92 . 5.2.2.30 ","Belanja Operasional Pendidikan ",400000000,0,-400000000,-100,
"1.01 . 1.01.02 . 17.92 . 5.2.2.30.05 ","Belanja Operasional Pendidikan SMA/SMK ",400000000,0,-400000000,-100,"Belanja operasional pelaksanaan sekolah adiwiyata
Belanja oprasional pelaksanaan sekolah adiwiyata"
"1.01 . 1.01.02 . 17.92 . 5.2.2.34 ","Honorarium Pelaksanaan Kegiatan ",1800000,0,-1800000,-100,
"1.01 . 1.01.02 . 17.92 . 5.2.2.34.01 ","Honorarium Nara Sumber/Moderator/Tenaga Ahli ",1800000,0,-1800000,-100,"Honor narasumber sosialisasi
Honor moderator"
"1.01 . 1.01.02 . 17.93 ","Pengembangan dan Seleksi UKS SMA ",856375000,724150000,-132225000,-15.44,"Sumber Dana : Dana Alokasi Umum (D A U)
Lokasi Kegiatan : Kab. Bantul"
"1.01 . 1.01.02 . 17.93 . 5.2.1 ","Belanja Pegawai ",2500000,5250000,2750000,110,
"1.01 . 1.01.02 . 17.93 . 5.2.1.01 ","Honorarium PNS ",2500000,5250000,2750000,110,
"1.01 . 1.01.02 . 17.93 . 5.2.1.01.01 ","Honorarium Panitia Pelaksana Kegiatan ",2500000,5250000,2750000,110,"Honor panitia pelaksana Pengembangan dan seleksi UKS
Honor panitia pelaksana Pengembangan UKS1 tim/bjj x 2.500.000,00 = 2.500.000,00
Honor Panitia Pelaksanaan Seleksi UKS1 tim x 2.750.000,00 = 2.750.000,00"
"1.01 . 1.01.02 . 17.93 . 5.2.2 ","Belanja Barang dan Jasa ",46425000,260650000,214225000,461.44,
"1.01 . 1.01.02 . 17.93 . 5.2.2.01 ","Belanja Bahan Pakai Habis ",1000000,1450000,450000,45,
"1.01 . 1.01.02 . 17.93 . 5.2.2.01.01 ","Belanja Alat Tulis Kantor ",1000000,1450000,450000,45,"Belanja ATK Pengembangan dan seleksi UKS
Belanja ATK Pengembangan UKS1 keg x 600.000,00 = 600.000,00
Belanja ATK Seleksi UKS1 keg x 850.000,00 = 850.000,00"
"1.01 . 1.01.02 . 17.93 . 5.2.2.03 ","Belanja Jasa Kantor ",0,1800000,1800000,0,
"1.01 . 1.01.02 . 17.93 . 5.2.2.03.12 ","Belanja Transportasi dan Akomodasi ",0,1800000,1800000,0,"Belanja Transportasi dan Akomodasi
Belanja Transportasi tim Seleksi UKS3 keg x 600.000,00 = 1.800.000,00"
"1.01 . 1.01.02 . 17.93 . 5.2.2.06 ","Belanja Cetak/Penggandaan/Dokumentasi ",0,1500000,1500000,0,
"1.01 . 1.01.02 . 17.93 . 5.2.2.06.02 ","Belanja Penggandaan/Foto Copy ",0,1500000,1500000,0,"penggandaan/foto copypenggandaan / foto copy10,000 lbr x 150,00 = 1.500.000,00"
"1.01 . 1.01.02 . 17.93 . 5.2.2.11 ","Belanja Makanan Dan Minuman ",2625000,23650000,21025000,800.95,
"1.01 . 1.01.02 . 17.93 . 5.2.2.11.02 ","Belanja Makanan Dan Minuman Rapat ",2625000,4900000,2275000,86.67,"Belanja Makan Minum Rapat
Belanja makan minum rapat Pengembangan UKS150 org x 17.500,00 = 2.625.000,00
Belanja Makan minum Rapat Seleksi UKS130 org x 17.500,00 = 2.275.000,00"
"1.01 . 1.01.02 . 17.93 . 5.2.2.11.05 ","Belanja makanan dan minuman pelaksanaan kegiatan",0,18750000,18750000,0,"Belanja Makan Minum Pelaksanaan Kegiatan Seleksi UKS
Belanja Makan Minum Kegiatan750 org x 25.000,00 = 18.750.000,00"
"1.01 . 1.01.02 . 17.93 . 5.2.2.15 ","Belanja Perjalanan Dinas ",12800000,7250000,-5550000,-43.36,
"1.01 . 1.01.02 . 17.93 . 5.2.2.15.01 ","Belanja Perjalanan Dinas Dalam Daerah ",5800000,6250000,450000,7.76,"Perjalanan dinas dalam daerah
Golongan 475 org x 50.000,00 = 3.750.000,00
Golongan 340 org x 40.000,00 = 1.600.000,00
Golongan 230 org x 30.000,00 = 900.000,00"
"1.01 . 1.01.02 . 17.93 . 5.2.2.15.02 ","Belanja Perjalanan Dinas Luar Daerah ",7000000,1000000,-6000000,-85.71,"Perjalanan dinas luar daerah (UKS)Golongan 3 dan atau 410 tim/bjj x 100.000,00 = 1.000.000,00"
"1.01 . 1.01.02 . 17.93 . 5.2.2.23 ","Belanja Barang yang akan diserahkan kepada Masyarakat/ Pihak ketiga",30000000,225000000,195000000,650,
"1.01 . 1.01.02 . 17.93 . 5.2.2.23.02 ","Belanja Barang yang akan diserahkan kepada Pihak ketiga",30000000,225000000,195000000,650,"Pengembangan UKS di sekolah swasta (DID)
Pengemb Sarpras UKS (DID): SMA M Btl, SMA Stduce, SMA UII B tapan, SMA P luhur, SMA Alma, SMA Bopkri, SMK M 1 Btl, SMK M 2 Btl, SMK M Blpr, SMK Cokro, SMK kes, TK Pemb Btl, TK Mrd Putra, TK Lbgtm sutran, TK panti sw serut. 15 TK,SMK,SMA x 13.000.000,00 =195.000.000,00
Pemeliharan Ruang UKS (DID) di: SMA M Btl,SMA Steladuce, SMA UII B tapan, SMA P luhur, SMA Ali Maksum, SMA Bopkri, SMK M 1 Btl, SMK M 2 Bantul, SMK M Bb lipuro, SMK Cokro, SMK kes, TK Pemb Btl, TK ABA MdPutra, TK Lbgtm sutran, TK panti sw serut. 15 paket x 2.000.000,00 = 30.000.000,00"
"1.01 . 1.01.02 . 17.93 . 5.2.3 ","Belanja Modal ",807450000,458250000,-349200000,-43.25,
"1.01 . 1.01.02 . 17.93 . 5.2.3.20 ","Belanja Modal Pengadaan Alat-Alat Laboratorium ",807450000,458250000,-349200000,-43.25,
"1.01 . 1.01.02 . 17.93 . 5.2.3.20.10 ","Belanja modal alat-alat laboratorium Kesehatan ",807450000,458250000,-349200000,-43.25,"Belanja modal peralatan Unit Kesehatan Sekolah (UKS)
Pengadaan peralatan, kebutuhan, dan sarana prasarana UKS di beberapa sekolah
1 paket x 195.000.000,00 = 195.000.000,00
Honor PPK
1 org x 700.000,00 = 700.000,00
Honor panitia pengadaan
1 tim/bjj x 1.750.000,00 = 1.750.000,00
Honor Penerima barang
1 tim/bjj x 3.000.000,00 = 3.000.000,00
Honor tim ahli
1 tim/bjj x 2.000.000,00 = 2.000.000,00
Honor Yuri Seleksi UKS
3 keg x 2.500.000,00 = 7.500.000,00
Honor Pembinaan Hasil Seleksi UKS
3 tim/keg x 1.500.000,00 = 4.500.000,00
Honor Nara sumber sosialisasi kegiatan Pengembangan dan seleksi UKS
1 tim x 800.000,00 = 800.000,00
Hadiah Lomba Seleksi UKS
Hadiah Lomba Seleksi UKS
Hadiah Pembinaan Lomba Seleksi UKS TK (5), SMK (5) dan SMA (5)juara 1  : 5000000 x 3Juara 2 : 4000000 x 3Juara 3 : 3000000 x 3Juara 4 : 2000000 x 3Juara 5 : 1000000 x 33 TK,SMK,SMA x 15.000.000,00 = 45.000.000,00
Pemeliharaan Sarana Prasarana UKS di beberapa sekolah1 keg x 198.000.000,00 = 198.000.000,00"
"1.01 . 1.01.02 . 17.95 ","Peningkatan Mutu Sarana Prasarana Pendidikan Menengah Kejujuran ",0,10556005000,10556005000,0,"Sumber Dana : Dana Alokasi Umum (D A U), Dana Alokasi Khusus (D A K)"
"1.01 . 1.01.02 . 17.95 . 5.2.1 ","Belanja Pegawai ",0,55850000,55850000,0,
"1.01 . 1.01.02 . 17.95 . 5.2.1.01 ","Honorarium PNS ",0,55850000,55850000,0,
"1.01 . 1.01.02 . 17.95 . 5.2.1.01.01 ","Honorarium Panitia Pelaksana Kegiatan ",0,55850000,55850000,0,"Honor Tim DAK
Honor Tim Pembina1 bjj x 8.500.000,00 = 8.500.000,00
Honor Tim Sekretariat1 bjj x 7.500.000,00 = 7.500.000,00
TPK PPK12 ob x 300.000,00 = 3.600.000,00
TPK Tim Survey1 bjj x 5.500.000,00 = 5.500.000,00
TPK Tim Verifikasi1 bjj x 4.500.000,00 = 4.500.000,00
TPK Peneliti SPJ30 ob x 150.000,00 = 4.500.000,00
TPK Tim Monev45 ob x 150.000,00 = 6.750.000,00
TPK Panitia Sosialisasi2 keg x 1.500.000,00 = 3.000.000,00
TPK Tim Teknis Peralatan Laboratorium1 bjj x 3.500.000,00 = 3.500.000,00
TPK Tim Teknis Peralatan Praktik Siswa1 bjj x 3.500.000,00 = 3.500.000,00
Honor Pengawas lapangan1 bjj x 5.000.000,00 = 5.000.000,00"
"1.01 . 1.01.02 . 17.95 . 5.2.2 ","Belanja Barang dan Jasa ",0,2818195600,2818195600,0,
"1.01 . 1.01.02 . 17.95 . 5.2.2.01 ","Belanja Bahan Pakai Habis ",0,22712000,22712000,0,
"1.01 . 1.01.02 . 17.95 . 5.2.2.01.01 ","Belanja Alat Tulis Kantor ",0,22712000,22712000,0,"Belanja ATK1 ls x 15.212.000,00 = 15.212.000,00
ATK Kegiatan Sosialiasi1 ls x 7.500.000,00 = 7.500.000,00"
"1.01 . 1.01.02 . 17.95 . 5.2.2.03 ","Belanja Jasa Kantor ",0,200000,200000,0,
"1.01 . 1.01.02 . 17.95 . 5.2.2.03.13 ","Belanja Dokumentasi ",0,200000,200000,0,"Belanja dokumentasi1 keg x 200.000,00 = 200.000,00"
"1.01 . 1.01.02 . 17.95 . 5.2.2.06 ","Belanja Cetak/Penggandaan/Dokumentasi ",0,15000000,15000000,0,
"1.01 . 1.01.02 . 17.95 . 5.2.2.06.02 ","Belanja Penggandaan/Foto Copy ",0,15000000,15000000,0,"Foto copy100,000 lembar x 150,00 = 15.000.000,00"
"1.01 . 1.01.02 . 17.95 . 5.2.2.07 ","Belanja Sewa Rumah/Gedung/Gudang/Parkir ",0,750000,750000,0,
"1.01 . 1.01.02 . 17.95 . 5.2.2.07.03 ","Belanja Sewa Ruang Rapat/Pertemuan ",0,750000,750000,0,"Sewa ruang rapat/pertemuan3 hari x 250.000,00 = 750.000,00"
"1.01 . 1.01.02 . 17.95 . 5.2.2.11 ","Belanja Makanan Dan Minuman ",0,15000000,15000000,0,
"1.01 . 1.01.02 . 17.95 . 5.2.2.11.02 ","Belanja Makanan Dan Minuman Rapat ",0,10000000,10000000,0,"Belanja makan minum rapat
belanja makan mimun rapat500 oh x 20.000,00 = 10.000.000,00"
"1.01 . 1.01.02 . 17.95 . 5.2.2.11.05 ","Belanja makanan dan minuman pelaksanaan kegiatan",0,5000000,5000000,0,"Belanja makan minum kegiatan200 oh x 25.000,00 = 5.000.000,00"
"1.01 . 1.01.02 . 17.95 . 5.2.2.15 ","Belanja Perjalanan Dinas ",0,20900000,20900000,0,
"1.01 . 1.01.02 . 17.95 . 5.2.2.15.01 ","Belanja Perjalanan Dinas Dalam Daerah ",0,5900000,5900000,0,"belanja perjalana dalam daerah
Gol IV50 oj x 50.000,00 = 2.500.000,00
Gol III70 oj x 40.000,00 = 2.800.000,00
Gol II20 oj x 30.000,00 = 600.000,00"
"1.01 . 1.01.02 . 17.95 . 5.2.2.15.02 ","Belanja Perjalanan Dinas Luar Daerah ",0,15000000,15000000,0,"Belanja perjalanan luar daerah
Peerjalanan dinas luar daerah1 keg x 15.000.000,00 = 15.000.000,00"
"1.01 . 1.01.02 . 17.95 . 5.2.2.21 ","Belanja Jasa Konsultansi ",0,50000000,50000000,0,
"1.01 . 1.01.02 . 17.95 . 5.2.2.21.02 ","Belanja Jasa Konsultansi Perencanaan ",0,50000000,50000000,0,"Jasa konsultasi perencanaan1 keg x 50.000.000,00 = 50.000.000,00"
"1.01 . 1.01.02 . 17.95 . 5.2.2.23 ","Belanja Barang yang akan diserahkan kepada Masyarakat/ Pihak ketiga",0,2689633600,2689633600,0,
"1.01 . 1.01.02 . 17.95 . 5.2.2.23.01 ","Belanja Barang yang akan diserahkan kepada Masyarakat",0,2689633600,2689633600,0,"Belanja bahan pembangunan perpustakaan beserta perabotnya (DAK 2013)
Belanja bahan pembangunan perpustakaan beserta perabotnya SMK Muh 2 Bantul1 paket x 132.989.600,00 = 132.989.600,00
Belanja bahan pembangunan perpustakaan beserta perabotnya SMK Nasional Bantul1 paket x 132.989.600,00 = 132.989.600,00
Belanja bahan pembangunan perpustakaan beserta perabotnya SMK Putratama Bantul1 paket x 132.989.600,00 = 132.989.600,00
Belanja bahan pembangunan perpustakaan beserta perabotnya SMK Cokroaminoto Pandak1 paket x 132.989.600,00 = 132.989.600,00
Belanja bahan pembangunan perpustakaan beserta perabotnya  SMK Pembangunan Dlingo1 paket x 132.989.600,00 = 132.989.600,00
Belanja bahan pembangunan perpustakaan beserta perabotnya SMK IT Al Furqon Sanden1 paket x 132.989.600,00 = 132.989.600,00
Belanja upah pembangunan perpustakaan beserta perabotnya (DAK 2013)
Belanja upah pembangunan perpustakaan beserta perabotnya SMK Muh 2 Bantul1 paket x 70.000.000,00 = 70.000.000,00
Belanja upah pembangunan perpustakaan beserta perabotnya SMK  Nasional Bantul1 paket x 70.000.000,00 = 70.000.000,00
Belanja upah pembangunan perpustakaan beserta perabotnya SMK  Putratama Bantul1 paket x 70.000.000,00 = 70.000.000,00
Belanja upah pembangunan perpustakaan beserta perabotnya SMK  Cokroaminoto Pandak1 paket x 70.000.000,00 = 70.000.000,00
Belanja upah pembangunan perpustakaan beserta perabotnya SMK  Pembangunan Dlingo1 paket x 70.000.000,00 = 70.000.000,00
Belanja upah pembangunan perpustakaan beserta perabotnya SMK IT Al Furqon1 paket x 70.000.000,00 = 70.000.000,00
Belanja bahan rehabilitasi ruang belajar beserta perabotnya (DAK 2013)
belanja bahan rehabilitasi ruang belajar beserta perabotnya SMK Maarif 1 Piyungan4 paket x 50.169.600,00 = 200.678.400,00
belanja bahan rehabilitasi ruang belajar beserta perabotnya SMK Muh Piyungan4 paket x 50.169.600,00 = 200.678.400,00
belanja bahan rehabilitasi ruang belajar beserta perabotnya SMK Pariwisata2 paket x 50.169.600,00 = 100.339.200,00
Belanja upah rehabilitasi ruang belajar beserta perabotnya (DAK 2013)
Belanja upah rehabilitasi ruang kelas beserta perabotnya SMK Maarif 1 Piyungan4 paket x 27.000.000,00 = 108.000.000,00
Belanja upah rehabilitasi ruang kelas beserta perabotnya SMK Muh Piyungan4 paket x 27.000.000,00 = 108.000.000,00
Belanja upah rehabilitasi ruang kelas beserta perabotnya SMK Pariwisata Bantul2 paket x 27.000.000,00 = 54.000.000,00
Pengadaan buku kurikulum 2013
Buku siswa kurikulum 20135,000 paket x 135.000,00 = 675.000.000,00
Buku guru kurikulum 20131,000 buah x 25.000,00 = 25.000.000,00"
"1.01 . 1.01.02 . 17.95 . 5.2.2.34 ","Honorarium Pelaksanaan Kegiatan ",0,4000000,4000000,0,
"1.01 . 1.01.02 . 17.95 . 5.2.2.34.01 ","Honorarium Nara Sumber/Moderator/Tenaga Ahli ",0,4000000,4000000,0,"Honor narasumber sosialiasi
Honor nara sumber sosialisasi20 ls x 200.000,00 = 4.000.000,00"
"1.01 . 1.01.02 . 17.95 . 5.2.3 ","Belanja Modal ",0,7681959400,7681959400,0,
"1.01 . 1.01.02 . 17.95 . 5.2.3.20 ","Belanja Modal Pengadaan Alat-Alat Laboratorium ",0,486206400,486206400,0,
"1.01 . 1.01.02 . 17.95 . 5.2.3.20.01 ","Belanja Modal Pengadaan Alat-Alat Laboratorium Biologi",0,211206400,211206400,0,"Pengadaan alat laboratorium IPAPengadaan alat laboratorium IPA SMK N 1 Sewon1 paket x 44.950.000,00 = 44.950.000,00
Pengadaan alat laboratorium IPA SMK N 1 Pandak (DAK 2013)1 paket x 38.456.400,00 = 38.456.400,00
Pengadaan alat laboratorium Biologi SMK N 1 Pandak dan SMK N 1 Sanden (DAK 2013)2 paket x 60.000.000,00 = 120.000.000,00
Tim Pengadaan dan penerima barang dan jasaTim pengadaan barang dan jasa1 ls x 5.400.000,00 = 5.400.000,00
Tim penerima barang1 bjj x 2.400.000,00 = 2.400.000,00"
"1.01 . 1.01.02 . 17.95 . 5.2.3.20.02 ","Belanja Modal Pengadaan Alat-Alat Laboratorium Fisika/Geologi/Geodesi",0,195000000,195000000,0,"Belanja alat laboratorium fisika (DAK 2013)
Belanja alat laboratorium fisika SMK N 1 Pajangan, SMK N 1 Dlingo, dan SMK N 1 Sedayu3 paket x 65.000.000,00 = 195.000.000,00"
"1.01 . 1.01.02 . 17.95 . 5.2.3.20.03 ","Belanja Modal Pengadaan Alat-Alat Laboratorium Kimia",0,80000000,80000000,0,"Belanja alat laboratorium kimia (DAK 2013)
Belanja alat laboratorium kimia SMK N 1 Pleret dan SMK N 1 Pundong2 paket x 40.000.000,00 = 80.000.000,00"
"1.01 . 1.01.02 . 17.95 . 5.2.3.26 ","Belanja Modal Pengadaan Konstruksi/Pembelian Bangunan",0,5104098000,5104098000,0,
"1.01 . 1.01.02 . 17.95 . 5.2.3.26.16 ","Belanja Modal Pengadaan Konstruksi/Pembelian Gedung Pendidikan",0,5104098000,5104098000,0,"Belanja bahan Pembangunan ruang kelas beserta perabotnya (DAK)
Belanja bahan pembangunan ruang kelas beserta perabotnya SMK N 1 Sewon6 paket x 86.690.200,00 = 520.141.200,00
Belanja bahan pembangunan ruang kelas beserta perabotnya SMK N 2 Sewon3 paket x 86.690.200,00 = 260.070.600,00
Belanja bahan pembangunan ruang kelas beserta perabotnya SMKN 1 Pundong4 paket x 86.690.200,00 = 346.760.800,00
Belanja bahan pembangunan ruang kelas beserta perabotnya SMK N 1 Dlingo3 paket x 86.690.200,00 = 260.070.600,00
Belanja bahan pembangunan ruang kelas beserta perabotnya SMKN 1 Sanden4 paket x 86.690.200,00 = 346.760.800,00
Belanja bahan pembangunan ruang kelas beserta perabotnya SMK N 1 Pajangan4 paket x 86.690.200,00 = 346.760.800,00
Belanja bahan pembangunan ruang kelas beserta perabotnya SMKN 1 Pleret4 paket x 86.690.200,00 = 346.760.800,00
Belanja bahan pembangunan ruang kelas beserta perabotnya SMK N 1 Sedayu2 paket x 86.690.200,00 = 173.380.400,00
Belanja bahan Pembangunan Ruang praktik siswa beserta perabotnya (DAK)
Belanja bahan pembangunan ruang praktik siswa SMK N 1 Sewon1 paket x 126.491.600,00 = 126.491.600,00
Belanja bahan pembangunan ruang praktik siswa  SMK N 1 Dlingo2 paket x 126.491.600,00 = 252.983.200,00
Belanja bahan pembangunan ruang praktik siswa SMK N 1 Bantul1 paket x 126.491.600,00 = 126.491.600,00
Belanja bahan pembangunan ruang praktik siswa SMK N 1 Sanden1 paket x 126.491.600,00 = 126.491.600,00
Belanja bahan Pembangunan laboratorium sains (IPA) beserta perabotnya (DAK)
Belanja bahan pembangunan laboratorium IPA beserta perabotnya SMK N 1 Sewon1 paket x 84.510.000,00 = 84.510.000,00
Belanja upah Pembangunan ruang kelas beserta perabotnya (DAK)
Belanja upah pembangunan ruang kelas beserta perabotnya SMK N 1 Sewon6 paket x 46.679.000,00 = 280.074.000,00
Belanja upah pembangunan ruang kelas beserta perabotnya SMK N 2 Sewon3 paket x 46.679.000,00 = 140.037.000,00
Belanja upah pembangunan ruang kelas beserta perabotnya SMK N 1 Pundong4 paket x 46.679.000,00 = 186.716.000,00
Belanja upah pembangunan ruang kelas beserta perabotnya SMKN 1 Dlingo3 paket x 46.679.000,00 = 140.037.000,00
Belanja upah pembangunan ruang kelas beserta perabotnya SMK N 1 Sanden4 paket x 46.679.000,00 = 186.716.000,00
Belanja upah pembangunan ruang kelas beserta perabotnya SMK N 1 Pajangan4 paket x 46.679.000,00 = 186.716.000,00
Belanja upah pembangunan ruang kelas beserta perabotnya SMK N 1 Pleret4 paket x 46.679.000,00 = 186.716.000,00
Belanja upah pembangunan ruang kelas beserta perabotnya SMK N 1 Sedayu2 paket x 46.679.000,00 = 93.358.000,00
Belanja upah Pembangunan Ruang praktik siswa beserta perabotnya (DAK)
Belanja upah pembangunan ruang praktik siswa beserta perabotnya  SMK N 1 Sewon1 paket x 68.110.000,00 = 68.110.000,00
Belanja upah pembangunan ruang praktik siswa beserta perabotnya SMK N 1 Dlingo2 paket x 68.110.000,00 = 136.220.000,00
Belanja upah pembangunan ruang praktik siswa beserta perabotnya SMK 1 Bantul1 paket x 68.110.000,00 = 68.110.000,00
Belanja upah pembangunan ruang praktik siswa beserta perabotnya SMK N 1 Sanden1 paket x 68.110.000,00 = 68.110.000,00
Belanja upah Pembangunan laboratorium sains (IPA) beserta perabotnya (DAK)
Belanja upah pembangunan laboratorium IPA beserta perabotnya SMK N 1 Sewon1 paket x 45.504.000,00 = 45.504.000,00"
"1.01 . 1.01.02 . 17.95 . 5.2.3.27 ","Belanja Modal Pengadaan Buku/Kepustakaan ",0,886985000,886985000,0,
"1.01 . 1.01.02 . 17.95 . 5.2.3.27.26 ","Belanja modal buku perpustakaan ",0,886985000,886985000,0,"Pengadaan buku kurikulum 2013
Pengadaan buku kurikulum 2013 bagi siswa6,400 paket x 135.000,00 = 864.000.000,00
Pengadaan buku pegangan guru kurikulum 2013770 buah x 25.000,00 = 19.250.000,00
Tim pengadaan buku krikulum 2013
Tim pengadaan barang dan jasa1 ls x 2.500.000,00 = 2.500.000,00
Tim penerima buku kurikulum 20131 ls x 1.235.000,00 = 1.235.000,00"
"1.01 . 1.01.02 . 17.95 . 5.2.3.38 ","Belanja Modal Alat Peraga Pendidikan ",0,1204670000,1204670000,0,
"1.01 . 1.01.02 . 17.95 . 5.2.3.38.01 ","Belanja Modal Alat Peraga Pendidikan ",0,1204670000,1204670000,0,"Belanja peralatan praktik siswaPengadaan peralatan praktik siswa SMK N 1 Sanden1 paket x 168.845.000,00 = 168.845.000,00
Pengadaan peralatan praktik siswa SMK N 1 Pleret1 paket x 168.845.000,00 = 168.845.000,00
Pengadaan peralatan praktik siswa SMK N 1 Pajangan1 paket x 168.845.000,00 = 168.845.000,00
Pengadaan peralatan praktik siswa SMK N 1 Pundong1 paket x 168.845.000,00 = 168.845.000,00
Pengadaan peralatan praktik siswa SMK N 1 Sedayu1 paket x 168.845.000,00 = 168.845.000,00
Pengadaan peralatan praktik siswa SMK N 3 Kasihan1 paket x 168.845.000,00 = 168.845.000,00
Pengadaan peralatan praktik siswa SMK N 1 Kasihan1 paket x 92.200.000,00 = 92.200.000,00
Pengadaan peralatan praktik siswa SMK N 2 Kasihan1 paket x 92.200.000,00 = 92.200.000,00
Tim pengadaan dan penerima barang dan jasa
Tim pengadaan barang dan jasa1 ls x 4.800.000,00 = 4.800.000,00
Tim penerima barang1 bjj x 2.400.000,00 = 2.400.000,00"
"1.01 . 1.01.02 . 18 ","Program Pendidikan Non Formal ",7777140000,7073165000,-703975000,-9.05,
"1.01 . 1.01.02 . 18.02 ","Pemberian Bantuan Operasional Pendidikan Non Formal ",7455515000,6850115000,-605400000,-8.12,"Sumber Dana : Dana Alokasi Umum (D A U)"
"1.01 . 1.01.02 . 18.02 . 5.2.1 ","Belanja Pegawai ",6869600000,6528200000,-341400000,-4.97,
"1.01 . 1.01.02 . 18.02 . 5.2.1.02 ","Honorarium Non PNS ",6868800000,6527400000,-341400000,-4.97,
"1.01 . 1.01.02 . 18.02 . 5.2.1.02.02 ","Honorarium Pegawai Honorer/Tidak Tetap ",6868800000,6527400000,-341400000,-4.97,"Honorarium guru dan pegawai tidak tetap
Honorarium/insentif guru dan pegawai tidak tetap (GTT/GTY/PTT/PTY) di TK dan SLB dari APBD Kab. Bantul1,044 org/th x 2.400.000,00 = 2.505.600.000,00
Honorarium/insentif guru dan pegawai tidak tetap (GTT/GTY/PTT/PTY) di TK dari APBD DIY904 org/th x 1.200.000,00 = 1.084.800.000,00
Honorarium/insentif Pendidik PAUD Non Formal dari APBD Bantul2,285 org/th x 1.200.000,00 = 2.742.000.000,00
Honorarium/insentif guru/pendidik di TK650 keg x 300.000,00 = 195.000.000,00"
"1.01 . 1.01.02 . 18.02 . 5.2.1.03 ","Uang Lembur ",800000,800000,0,0,
"1.01 . 1.01.02 . 18.02 . 5.2.1.03.01 ","Uang Lembur PNS ",800000,800000,0,0,"Honor lembur PNSGolongan 220 Org x 10.000,00 = 200.000,00
Golongan 3 dan 440 Org x 15.000,00 = 600.000,00"
"1.01 . 1.01.02 . 18.02 . 5.2.2 ","Belanja Barang dan Jasa ",585915000,321915000,-264000000,-45.06,
"1.01 . 1.01.02 . 18.02 . 5.2.2.01 ","Belanja Bahan Pakai Habis ",790000,790000,0,0,
"1.01 . 1.01.02 . 18.02 . 5.2.2.01.01 ","Belanja Alat Tulis Kantor ",790000,790000,0,0,"Belanja ATK1 LS x 790.000,00 = 790.000,00"
"1.01 . 1.01.02 . 18.02 . 5.2.2.03 ","Belanja Jasa Kantor ",400000,400000,0,0,
"1.01 . 1.01.02 . 18.02 . 5.2.2.03.15 ","Belanja Publikasi ",400000,400000,0,0,"Belanja publikasi
Belanja publikasi melalui media elektronik1 keg x 400.000,00 = 400.000,00"
"1.01 . 1.01.02 . 18.02 . 5.2.2.06 ","Belanja Cetak/Penggandaan/Dokumentasi ",450000,450000,0,0,
"1.01 . 1.01.02 . 18.02 . 5.2.2.06.02 ","Belanja Penggandaan/Foto Copy ",450000,450000,0,0,"Belanja penggandaan/foto copy3,000 Lbr x 150,00 = 450.000,00"
"1.01 . 1.01.02 . 18.02 . 5.2.2.11 ","Belanja Makanan Dan Minuman ",3025000,3025000,0,0,
"1.01 . 1.01.02 . 18.02 . 5.2.2.11.02 ","Belanja Makanan Dan Minuman Rapat ",1975000,1975000,0,0,"Belanja makan dan minum rapat79 Org x 25.000,00 = 1.975.000,00"
"1.01 . 1.01.02 . 18.02 . 5.2.2.11.04 ","Belanja Makanan dan Minuman lembur ",1050000,1050000,0,0,"Belanja makan dan minum lembur
Belanja makan dan minum lebur60 Org x 17.500,00 = 1.050.000,00"
"1.01 . 1.01.02 . 18.02 . 5.2.2.15 ","Belanja Perjalanan Dinas ",1150000,1150000,0,0,
"1.01 . 1.01.02 . 18.02 . 5.2.2.15.01 ","Belanja Perjalanan Dinas Dalam Daerah ",1150000,1150000,0,0,"Belanja perjalanan dinas dalam daerah
Golongan IV9 Org x 50.000,00 = 450.000,00
Golongan III10 Org x 40.000,00 = 400.000,00
Golongan II10 Org x 30.000,00 = 300.000,00"
"1.01 . 1.01.02 . 18.02 . 5.2.2.30 ","Belanja Operasional Pendidikan ",580000000,316000000,-264000000,-45.52,
"1.01 . 1.01.02 . 18.02 . 5.2.2.30.02 ","Belanja Operasional Pendidikan TK ",580000000,316000000,-264000000,-45.52,"Belanja Operasional Pendidikan (BOP)
Belanja Operasional Pendidikan (BOP) SKB Bantul1 Lbg x 175.000.000,00 = 175.000.000,00
Belanja Operasional Pendidikan (BOP) TK Negeri Bantul1 Lbg x 30.000.000,00 = 30.000.000,00
Belanja Operasional Pendidikan (BOP) TK Pembina di Kecamatan5 Lbg x 20.000.000,00 = 100.000.000,00
Biaya operasional penyelenggaraan Penerimaan Peserta Didik Baru dan MOS di TK
Biaya operasional penyelenggaraan pendidikan di TK swasta di wilayah Kab. Bantul525 keg x 0,00 = 0,00
Belanja Operasional Pendidikan (BOP) PPA PKH4 orang x 2.750.000,00 = 11.000.000,00"
"1.01 . 1.01.02 . 18.02 . 5.2.2.34 ","Honorarium Pelaksanaan Kegiatan ",100000,100000,0,0,
"1.01 . 1.01.02 . 18.02 . 5.2.2.34.01 ","Honorarium Nara Sumber/Moderator/Tenaga Ahli ",100000,100000,0,0,"Honor narasumber siaran media masa
Honor narasumber siaran di media1 org/kl x 100.000,00 = 100.000,00"
"1.01 . 1.01.02 . 18.07 ","Pengembangan Data dan Informasi Pendidikan Non Formal",27700000,30000000,2300000,8.3,"Sumber Dana : "
"1.01 . 1.01.02 . 18.07 . 5.2.1 ","Belanja Pegawai ",10500000,10500000,0,0,
"1.01 . 1.01.02 . 18.07 . 5.2.1.01 ","Honorarium PNS ",10500000,10500000,0,0,
"1.01 . 1.01.02 . 18.07 . 5.2.1.01.01 ","Honorarium Panitia Pelaksana Kegiatan ",10500000,10500000,0,0,"Honor panitia kegiatan1 org/bjj x 1.500.000,00 = 1.500.000,00
Honor petugas entry dan validasi data1 org x 1.500.000,00 = 1.500.000,00
Honor tim penyusun buku profil PNF1 tim/bjj x 2.000.000,00 = 2.000.000,00
Honot tim pengolah data PNF1 tim/bjj x 2.500.000,00 = 2.500.000,00
Honor tim up dating data PNF1 tim/bjj x 3.000.000,00 = 3.000.000,00"
"1.01 . 1.01.02 . 18.07 . 5.2.2 ","Belanja Barang dan Jasa ",17200000,19500000,2300000,13.37,
"1.01 . 1.01.02 . 18.07 . 5.2.2.01 ","Belanja Bahan Pakai Habis ",1200000,1200000,0,0,
"1.01 . 1.01.02 . 18.07 . 5.2.2.01.01 ","Belanja Alat Tulis Kantor ",1200000,1200000,0,0,"Belanja ATK1 keg x 1.200.000,00 = 1.200.000,00"
"1.01 . 1.01.02 . 18.07 . 5.2.2.03 ","Belanja Jasa Kantor ",300000,300000,0,0,
"1.01 . 1.01.02 . 18.07 . 5.2.2.03.13 ","Belanja Dokumentasi ",300000,300000,0,0,"Belanja dokumentasi1 keg x 300.000,00 = 300.000,00"
"1.01 . 1.01.02 . 18.07 . 5.2.2.06 ","Belanja Cetak/Penggandaan/Dokumentasi ",1500000,3800000,2300000,153.33,
"1.01 . 1.01.02 . 18.07 . 5.2.2.06.02 ","Belanja Penggandaan/Foto Copy ",1500000,3800000,2300000,153.33,"Belanja penggandaan/fotocopyBelanja fotocopy10,000 lbr x 150,00 = 1.500.000,00
Belanja cetak/penggandaan buku1 set x 2.300.000,00 = 2.300.000,00"
"1.01 . 1.01.02 . 18.07 . 5.2.2.11 ","Belanja Makanan Dan Minuman ",4700000,4700000,0,0,
"1.01 . 1.01.02 . 18.07 . 5.2.2.11.02 ","Belanja Makanan Dan Minuman Rapat ",1750000,1750000,0,0,"Belanja MMR100 org x 17.500,00 = 1.750.000,00"
"1.01 . 1.01.02 . 18.07 . 5.2.2.11.05 ","Belanja makanan dan minuman pelaksanaan kegiatan",2950000,2950000,0,0,"Belanja MMK118 org x 25.000,00 = 2.950.000,00"
"1.01 . 1.01.02 . 18.07 . 5.2.2.34 ","Honorarium Pelaksanaan Kegiatan ",9500000,9500000,0,0,
"1.01 . 1.01.02 . 18.07 . 5.2.2.34.01 ","Honorarium Nara Sumber/Moderator/Tenaga Ahli ",4400000,4400000,0,0,"Honor narasumber16 org x 200.000,00 = 3.200.000,00
Honor moderator16 org x 75.000,00 = 1.200.000,00"
"1.01 . 1.01.02 . 18.07 . 5.2.2.34.10 ","Honorarium Penyelenggaraan Kegiatan ",5100000,5100000,0,0,"Honor penyelenggara kegiatan
Honor petugas pendataan kecamatan17 org x 150.000,00 = 2.550.000,00
Honor petugas pendataan PNF17 org x 150.000,00 = 2.550.000,00"
"1.01 . 1.01.02 . 18.08 ","Pengembangan Kebijakan Pendidikan Non Formal ",125875000,0,-125875000,-100,"Sumber Dana : Dana Alokasi Umum (D A U)
Lokasi Kegiatan : Kab. Bantul"
"1.01 . 1.01.02 . 18.08 . 5.2.1 ","Belanja Pegawai ",2000000,0,-2000000,-100,
"1.01 . 1.01.02 . 18.08 . 5.2.1.01 ","Honorarium PNS ",2000000,0,-2000000,-100,
"1.01 . 1.01.02 . 18.08 . 5.2.1.01.01 ","Honorarium Panitia Pelaksana Kegiatan ",2000000,0,-2000000,-100,"Honor timHonor panitia"
"1.01 . 1.01.02 . 18.08 . 5.2.2 ","Belanja Barang dan Jasa ",123875000,0,-123875000,-100,
"1.01 . 1.01.02 . 18.08 . 5.2.2.11 ","Belanja Makanan Dan Minuman ",5425000,0,-5425000,-100,
"1.01 . 1.01.02 . 18.08 . 5.2.2.11.02 ","Belanja Makanan Dan Minuman Rapat ",1050000,0,-1050000,-100,"Makan minum rapat
Belanja makan minum rapat"
"1.01 . 1.01.02 . 18.08 . 5.2.2.11.05 ","Belanja makanan dan minuman pelaksanaan kegiatan",4375000,0,-4375000,-100,"Belanja makan minum pelaksanaan pembinaan TBM"
"1.01 . 1.01.02 . 18.08 . 5.2.2.15 ","Belanja Perjalanan Dinas ",1850000,0,-1850000,-100,
"1.01 . 1.01.02 . 18.08 . 5.2.2.15.01 ","Belanja Perjalanan Dinas Dalam Daerah ",1850000,0,-1850000,-100,"Perjalanan dinas dalam daerahGolongan 4Golongan 3Golongan 2"
"1.01 . 1.01.02 . 18.08 . 5.2.2.23 ","Belanja Barang yang akan diserahkan kepada Masyarakat/ Pihak ketiga",40000000,0,-40000000,-100,
"1.01 . 1.01.02 . 18.08 . 5.2.2.23.01 ","Belanja Barang yang akan diserahkan kepada Masyarakat",40000000,0,-40000000,-100,"Belanja barang yang akan diserahkan kepada Taman Bacaan Masyarakat
Belanja barang/peralatan yang diperlukan bagi Taman Bacaan Masyarakat"
"1.01 . 1.01.02 . 18.08 . 5.2.2.30 ","Belanja Operasional Pendidikan ",75000000,0,-75000000,-100,
"1.01 . 1.01.02 . 18.08 . 5.2.2.30.06 ","Belanja Operasional Pendidikan Kejar Paket ",75000000,0,-75000000,-100,"Biaya operasional pelaksanaan ujian kejar paketPemberian
 biaya operasional penyelenggaraan ujian kejar paket  pada pendidikan non formal"
"1.01 . 1.01.02 . 18.08 . 5.2.2.34 ","Honorarium Pelaksanaan Kegiatan ",1600000,0,-1600000,-100,
"1.01 . 1.01.02 . 18.08 . 5.2.2.34.01 ","Honorarium Nara Sumber/Moderator/Tenaga Ahli ",1600000,0,-1600000,-100,"Honor narasumber
Honor narasumber sosialisasi/kunjungan"
"1.01 . 1.01.02 . 18.15 ","Penyelenggaraan Jambore PTK Pendidikan Non Formal",118050000,143050000,25000000,21.18,"Sumber Dana : "
"1.01 . 1.01.02 . 18.15 . 5.2.1 ","Belanja Pegawai ",1870000,1870000,0,0,
"1.01 . 1.01.02 . 18.15 . 5.2.1.01 ","Honorarium PNS ",1870000,1870000,0,0,
"1.01 . 1.01.02 . 18.15 . 5.2.1.01.01 ","Honorarium Panitia Pelaksana Kegiatan ",1870000,1870000,0,0,"Ketua 1 orgKetua 1 orang1 org x 160.000,00 = 160.000,00
Sekretais 1 orgSekretaris 1 orang1 org x 150.000,00 = 150.000,00
Anggota 12 orang12 org/bjj x 130.000,00 = 1.560.000,00"
"1.01 . 1.01.02 . 18.15 . 5.2.2 ","Belanja Barang dan Jasa ",116180000,141180000,25000000,21.52,
"1.01 . 1.01.02 . 18.15 . 5.2.2.01 ","Belanja Bahan Pakai Habis ",1710000,1710000,0,0,
"1.01 . 1.01.02 . 18.15 . 5.2.2.01.01 ","Belanja Alat Tulis Kantor ",1710000,1710000,0,0,"Belanja Alat Tulis Kantor
ATK Kegiatan1 keg x 210.000,00 = 210.000,00
ATK Lomba5 paket x 300.000,00 = 1.500.000,00"
"1.01 . 1.01.02 . 18.15 . 5.2.2.06 ","Belanja Cetak/Penggandaan/Dokumentasi ",200000,200000,0,0,
"1.01 . 1.01.02 . 18.15 . 5.2.2.06.02 ","Belanja Penggandaan/Foto Copy ",200000,200000,0,0,"Belanja penggandaan laporan/foto copy1 ls x 200.000,00 = 200.000,00"
"1.01 . 1.01.02 . 18.15 . 5.2.2.11 ","Belanja Makanan Dan Minuman ",11750000,11750000,0,0,
"1.01 . 1.01.02 . 18.15 . 5.2.2.11.02 ","Belanja Makanan Dan Minuman Rapat ",1750000,1750000,0,0,"Belanja makan minum rapat
Belaja makan minum rapat100 doz x 17.500,00 = 1.750.000,00"
"1.01 . 1.01.02 . 18.15 . 5.2.2.11.05 ","Belanja makanan dan minuman pelaksanaan kegiatan",10000000,10000000,0,0,"Belanja makan dan minum kegiatan400 box x 25.000,00 = 10.000.000,00"
"1.01 . 1.01.02 . 18.15 . 5.2.2.15 ","Belanja Perjalanan Dinas ",15020000,15020000,0,0,
"1.01 . 1.01.02 . 18.15 . 5.2.2.15.01 ","Belanja Perjalanan Dinas Dalam Daerah ",1020000,1020000,0,0,"Belanja Perjalanan Dinas Dalam Daerah
Golongan IV12 org x 50.000,00 = 600.000,00
Golongan III6 org x 40.000,00 = 240.000,00
Golongan II6 org x 30.000,00 = 180.000,00"
"1.01 . 1.01.02 . 18.15 . 5.2.2.15.02 ","Belanja Perjalanan Dinas Luar Daerah ",14000000,14000000,0,0,"Belanja Perjalanan Dinas Luar Daerah
Golongan IV dan atau 38 org x 1.750.000,00 = 14.000.000,00"
"1.01 . 1.01.02 . 18.15 . 5.2.2.34 ","Honorarium Pelaksanaan Kegiatan ",12500000,12500000,0,0,
"1.01 . 1.01.02 . 18.15 . 5.2.2.34.02 ","Honorarium Yuri Perlombaan ",12500000,12500000,0,0,"Honor juri
Honor yuri, Pendidik PAUD, pengelola PAUD, tutor KF, tutor paket B, penyelenggara LKP1 org/bjj x 12.500.000,00 = 12.500.000,00"
"1.01 . 1.01.02 . 18.15 . 5.2.2.35 ","Uang Untuk Diberikan Kepada Pihak Ketiga/Masyarakat",75000000,100000000,25000000,33.33,
"1.01 . 1.01.02 . 18.15 . 5.2.2.35.01 ","Uang Untuk Diberikan Kepada Pihak Ketiga/Masyarakat",75000000,100000000,25000000,33.33,"Belanja hadiah dan penghargaan jambore
Belanja hadiah, penghargaan, dan pemberian uang pembinaan untuk  jambore1 keg/bjj x 100.000.000,00 = 100.000.000,00"
"1.01 . 1.01.02 . 18.16 ","Sosialisasi dan Pendampingan Akreditasi Pendidikan Non Formal",50000000,50000000,0,0,"Sumber Dana : 
Lokasi Kegiatan : Kab. Bantul"
"1.01 . 1.01.02 . 18.16 . 5.2.1 ","Belanja Pegawai ",2300000,2300000,0,0,
"1.01 . 1.01.02 . 18.16 . 5.2.1.01 ","Honorarium PNS ",2300000,2300000,0,0,
"1.01 . 1.01.02 . 18.16 . 5.2.1.01.01 ","Honorarium Panitia Pelaksana Kegiatan ",2300000,2300000,0,0,"Honor panitia1 org/bjj x 2.300.000,00 = 2.300.000,00"
"1.01 . 1.01.02 . 18.16 . 5.2.2 ","Belanja Barang dan Jasa ",47700000,47700000,0,0,
"1.01 . 1.01.02 . 18.16 . 5.2.2.01 ","Belanja Bahan Pakai Habis ",2875000,2875000,0,0,
"1.01 . 1.01.02 . 18.16 . 5.2.2.01.01 ","Belanja Alat Tulis Kantor ",2875000,2875000,0,0,"Belanja ATK1 keg x 2.875.000,00 = 2.875.000,00"
"1.01 . 1.01.02 . 18.16 . 5.2.2.03 ","Belanja Jasa Kantor ",400000,400000,0,0,
"1.01 . 1.01.02 . 18.16 . 5.2.2.03.13 ","Belanja Dokumentasi ",400000,400000,0,0,"Belanja dokumentasi1 keg x 400.000,00 = 400.000,00"
"1.01 . 1.01.02 . 18.16 . 5.2.2.06 ","Belanja Cetak/Penggandaan/Dokumentasi ",6750000,6750000,0,0,
"1.01 . 1.01.02 . 18.16 . 5.2.2.06.02 ","Belanja Penggandaan/Foto Copy ",6750000,6750000,0,0,"Belanja penggandaan/fotocopy
Belanja penggadaan/fotocopy45,000 lbr x 150,00 = 6.750.000,00"
"1.01 . 1.01.02 . 18.16 . 5.2.2.11 ","Belanja Makanan Dan Minuman ",4275000,4275000,0,0,
"1.01 . 1.01.02 . 18.16 . 5.2.2.11.02 ","Belanja Makanan Dan Minuman Rapat ",525000,525000,0,0,"Belanja makan minum rapat30 org x 17.500,00 = 525.000,00"
"1.01 . 1.01.02 . 18.16 . 5.2.2.11.05 ","Belanja makanan dan minuman pelaksanaan kegiatan",3750000,3750000,0,0,"Belanja makan minum kegiatan koordinasi/pengarahan
Belanja makan dan minum kegiatan koordinasi kesiapan mengadapi akreditasi150 org x 25.000,00 = 3.750.000,00"
"1.01 . 1.01.02 . 18.16 . 5.2.2.15 ","Belanja Perjalanan Dinas ",1900000,1900000,0,0,
"1.01 . 1.01.02 . 18.16 . 5.2.2.15.01 ","Belanja Perjalanan Dinas Dalam Daerah ",1900000,1900000,0,0,"Belanja perjalanan dinas dalam daerah
Golongan 420 org x 50.000,00 = 1.000.000,00
Golongan 315 org x 40.000,00 = 600.000,00
Golongan 210 org x 30.000,00 = 300.000,00"
"1.01 . 1.01.02 . 18.16 . 5.2.2.34 ","Honorarium Pelaksanaan Kegiatan ",31500000,31500000,0,0,
"1.01 . 1.01.02 . 18.16 . 5.2.2.34.10 ","Honorarium Penyelenggaraan Kegiatan ",31500000,31500000,0,0,"Honor penyelenggara
Honor penyelenggara/ pendamping/ asesor (15 org x 7 hr)105 org/obyek x 300.000,00 = 31.500.000,00"
"1.01 . 1.01.02 . 20 ","Program Peningkatan Mutu Pendidik dan Tenaga Kependidikan",133600000,190055000,56455000,42.26,
"1.01 . 1.01.02 . 20.01 ","Pelaksanaan Sertifikasi Pendidik ",12500000,39080000,26580000,212.64,"Sumber Dana : Dana Alokasi Umum (D A U)"
"1.01 . 1.01.02 . 20.01 . 5.2.1 ","Belanja Pegawai ",6980000,8480000,1500000,21.49,
"1.01 . 1.01.02 . 20.01 . 5.2.1.01 ","Honorarium PNS ",4820000,6320000,1500000,31.12,
"1.01 . 1.01.02 . 20.01 . 5.2.1.01.01 ","Honorarium Panitia Pelaksana Kegiatan ",4820000,6320000,1500000,31.12,"Honor Tim
Honor panitia pelaksana kegiatan1 Org/Bjj x 4.820.000,00 = 4.820.000,00
Honor Tim Sosialisasi
Honorarium Tim Sosialisasi1 keg x 1.500.000,00 = 1.500.000,00"
"1.01 . 1.01.02 . 20.01 . 5.2.1.03 ","Uang Lembur ",2160000,2160000,0,0,
"1.01 . 1.01.02 . 20.01 . 5.2.1.03.01 ","Uang Lembur PNS ",2160000,2160000,0,0,"Uang lembur kegiatan
Gol. III dan IV128 Org x 15.000,00 = 1.920.000,00
Gol II24 Org x 10.000,00 = 240.000,00"
"1.01 . 1.01.02 . 20.01 . 5.2.2 ","Belanja Barang dan Jasa ",5520000,30600000,25080000,454.35,
"1.01 . 1.01.02 . 20.01 . 5.2.2.01 ","Belanja Bahan Pakai Habis ",1347500,2347500,1000000,74.21,
"1.01 . 1.01.02 . 20.01 . 5.2.2.01.01 ","Belanja Alat Tulis Kantor ",1347500,2347500,1000000,74.21,"Belanja ATK1 LS x 1.347.500,00 = 1.347.500,00
Belanja ATK Sosialisasi1 keg x 1.000.000,00 = 1.000.000,00"
"1.01 . 1.01.02 . 20.01 . 5.2.2.03 ","Belanja Jasa Kantor ",400000,400000,0,0,
"1.01 . 1.01.02 . 20.01 . 5.2.2.03.15 ","Belanja Publikasi ",400000,400000,0,0,"Belanja publikasi
Belanja publikasi melalui media elektronik1 keg x 400.000,00 = 400.000,00"
"1.01 . 1.01.02 . 20.01 . 5.2.2.06 ","Belanja Cetak/Penggandaan/Dokumentasi ",900000,1500000,600000,66.67,
"1.01 . 1.01.02 . 20.01 . 5.2.2.06.02 ","Belanja Penggandaan/Foto Copy ",900000,1500000,600000,66.67,"Belanja Penggandaan/Foto Copy6,000 lbr x 150,00 = 900.000,00
Belanja penggandaan/foto copy sosialisasi4,000 lembar x 150,00 = 600.000,00"
"1.01 . 1.01.02 . 20.01 . 5.2.2.10 ","Belanja Sewa Perlengkapan Dan Peralatan Kantor ",0,1400000,1400000,0,
"1.01 . 1.01.02 . 20.01 . 5.2.2.10.01 ","Belanja Sewa Meja Kursi ",0,1400000,1400000,0,"Belanja Sewa Meja Kursi700 buah x 2.000,00 = 1.400.000,00"
"1.01 . 1.01.02 . 20.01 . 5.2.2.11 ","Belanja Makanan Dan Minuman ",2772500,19772500,17000000,613.17,
"1.01 . 1.01.02 . 20.01 . 5.2.2.11.02 ","Belanja Makanan Dan Minuman Rapat ",112500,112500,0,0,"Belanja makan dan minum rapat15 dos x 7.500,00 = 112.500,00"
"1.01 . 1.01.02 . 20.01 . 5.2.2.11.04 ","Belanja Makanan dan Minuman lembur ",2660000,2660000,0,0,"Belanja makan dan minum lembur152 dos x 17.500,00 = 2.660.000,00"
"1.01 . 1.01.02 . 20.01 . 5.2.2.11.05 ","Belanja makanan dan minuman pelaksanaan kegiatan",0,17000000,17000000,0,"Belanja Makan Minum Kegiatan Sosialisasi2,000 org x 8.500,00 = 17.000.000,00"
"1.01 . 1.01.02 . 20.01 . 5.2.2.15 ","Belanja Perjalanan Dinas ",0,1980000,1980000,0,
"1.01 . 1.01.02 . 20.01 . 5.2.2.15.02 ","Belanja Perjalanan Dinas Luar Daerah ",0,1980000,1980000,0,"Belanja Perjalanan Daerah Luar Daerah
Belanja Perjalan Dinas Luar Daerah1 ls x 1.980.000,00 = 1.980.000,00"
"1.01 . 1.01.02 . 20.01 . 5.2.2.34 ","Honorarium Pelaksanaan Kegiatan ",100000,3200000,3100000,3100,
"1.01 . 1.01.02 . 20.01 . 5.2.2.34.01 ","Honorarium Nara Sumber/Moderator/Tenaga Ahli ",100000,3200000,3100000,3100,"Honorarium narasumber siaran media masa1 org x 100.000,00 = 100.000,00
Honorarium Narasumber Sosialisasi
Honorarium narasumber siaran media masa1 org x 100.000,00 = 100.000,0012 jpl x 250.000,00 = 3.000.000,00"
"1.01 . 1.01.02 . 20.09 ","Pengembangan Sistem Pendataan dan Pemetaan Pendidik dan Tenaga Kependidikan ",40000000,53425000,13425000,33.56,"Sumber Dana : Dana Alokasi Umum (D A U)"
"1.01 . 1.01.02 . 20.09 . 5.2.1 ","Belanja Pegawai ",15490000,15490000,0,0,
"1.01 . 1.01.02 . 20.09 . 5.2.1.01 ","Honorarium PNS ",15490000,15490000,0,0,
"1.01 . 1.01.02 . 20.09 . 5.2.1.01.01 ","Honorarium Panitia Pelaksana Kegiatan ",15490000,15490000,0,0,"Honor panitia kegiatan
Honor petugas entri dan validasi data1 bjj x 3.280.000,00 = 3.280.000,00
Honor tim penyusun buku profil pendidikan1 bjj x 2.500.000,00 = 2.500.000,00
Honor tim pengolah data1 bjj x 4.710.000,00 = 4.710.000,00
Honor tim updating NUPTK1 keg x 5.000.000,00 = 5.000.000,00"
"1.01 . 1.01.02 . 20.09 . 5.2.2 ","Belanja Barang dan Jasa ",24510000,37935000,13425000,54.77,
"1.01 . 1.01.02 . 20.09 . 5.2.2.01 ","Belanja Bahan Pakai Habis ",1410000,1410000,0,0,
"1.01 . 1.01.02 . 20.09 . 5.2.2.01.01 ","Belanja Alat Tulis Kantor ",1410000,1410000,0,0,"Belanja ATK
Belanja ATK kegiatan1 LS x 1.410.000,00 = 1.410.000,00"
"1.01 . 1.01.02 . 20.09 . 5.2.2.06 ","Belanja Cetak/Penggandaan/Dokumentasi ",3000000,3000000,0,0,
"1.01 . 1.01.02 . 20.09 . 5.2.2.06.02 ","Belanja Penggandaan/Foto Copy ",3000000,3000000,0,0,"Belanja penggandaan/foto copy
Belanja penggandaan/fotocopy instrumen dll10,000 lembar x 150,00 = 1.500.000,00
Belanja penggandaan buku (buku profil dan rangkuman)15 buah x 100.000,00 = 1.500.000,00"
"1.01 . 1.01.02 . 20.09 . 5.2.2.11 ","Belanja Makanan Dan Minuman ",6375000,6375000,0,0,
"1.01 . 1.01.02 . 20.09 . 5.2.2.11.02 ","Belanja Makanan Dan Minuman Rapat ",1125000,1125000,0,0,"Belanja makan minum rapat150 org x 7.500,00 = 1.125.000,00"
"1.01 . 1.01.02 . 20.09 . 5.2.2.11.05 ","Belanja makanan dan minuman pelaksanaan kegiatan",5250000,5250000,0,0,"Belanja makan minum kegiatan300 org x 17.500,00 = 5.250.000,00"
"1.01 . 1.01.02 . 20.09 . 5.2.2.34 ","Honorarium Pelaksanaan Kegiatan ",13725000,27150000,13425000,97.81,
"1.01 . 1.01.02 . 20.09 . 5.2.2.34.01 ","Honorarium Nara Sumber/Moderator/Tenaga Ahli ",3200000,3200000,0,0,"Honorarium narasumber
Honorarium narasumber kegiatan16 jpl x 200.000,00 = 3.200.000,00"
"1.01 . 1.01.02 . 20.09 . 5.2.2.34.10 ","Honorarium Penyelenggaraan Kegiatan ",10525000,23950000,13425000,127.55,"Honorarium penyelenggara kegiatan
Honorarium petugas pendataan kecamatan bagi TK17 orang x 200.000,00 = 3.400.000,00
Honorarium petugas pendataan bagi SMA/MA/SMK96 orang x 100.000,00 = 9.600.000,00
Honorarium operator NUPTK TK tingkat kecamatan17 orang x 150.000,00 = 2.550.000,00
Honorarium operator NUPTK SMA/SMK84 orang x 100.000,00 = 8.400.000,00"
"1.01 . 1.01.02 . 20.13 ","Seleksi guru, Kepsek dan pengawas berprestasi ",61100000,58300000,-2800000,-4.58,"Sumber Dana : Dana Alokasi Umum (D A U)"
"1.01 . 1.01.02 . 20.13 . 5.2.1 ","Belanja Pegawai ",4360000,4360000,0,0,
"1.01 . 1.01.02 . 20.13 . 5.2.1.01 ","Honorarium PNS ",4360000,4360000,0,0,
"1.01 . 1.01.02 . 20.13 . 5.2.1.01.01 ","Honorarium Panitia Pelaksana Kegiatan ",4360000,4360000,0,0,"Honor Tim
Honor panitia pelaksana kegiatan1 keg x 4.360.000,00 = 4.360.000,00"
"1.01 . 1.01.02 . 20.13 . 5.2.2 ","Belanja Barang dan Jasa ",56740000,53940000,-2800000,-4.93,
"1.01 . 1.01.02 . 20.13 . 5.2.2.01 ","Belanja Bahan Pakai Habis ",652500,652500,0,0,
"1.01 . 1.01.02 . 20.13 . 5.2.2.01.01 ","Belanja Alat Tulis Kantor ",652500,652500,0,0,"Belanja ATK1 Keg x 652.500,00 = 652.500,00"
"1.01 . 1.01.02 . 20.13 . 5.2.2.02 ","Belanja Bahan/Material ",1400000,1400000,0,0,
"1.01 . 1.01.02 . 20.13 . 5.2.2.02.07 ","Belanja Cindera Mata ",1400000,1400000,0,0,"Belanja cenderaq mata (trophy, piagam)
Belanja cendera mata (trophy, piagam)7 jns x 200.000,00 = 1.400.000,00"
"1.01 . 1.01.02 . 20.13 . 5.2.2.06 ","Belanja Cetak/Penggandaan/Dokumentasi ",900000,900000,0,0,
"1.01 . 1.01.02 . 20.13 . 5.2.2.06.02 ","Belanja Penggandaan/Foto Copy ",900000,900000,0,0,"Belanja penggandaan/foto copy6,000 keg x 150,00 = 900.000,00"
"1.01 . 1.01.02 . 20.13 . 5.2.2.11 ","Belanja Makanan Dan Minuman ",5887500,5887500,0,0,
"1.01 . 1.01.02 . 20.13 . 5.2.2.11.02 ","Belanja Makanan Dan Minuman Rapat ",262500,262500,0,0,"Belanja makan dan minum rapat15 dos x 17.500,00 = 262.500,00"
"1.01 . 1.01.02 . 20.13 . 5.2.2.11.05 ","Belanja makanan dan minuman pelaksanaan kegiatan",5625000,5625000,0,0,"Belanja makan dan minum kegiatan225 dos x 25.000,00 = 5.625.000,00"
"1.01 . 1.01.02 . 20.13 . 5.2.2.14 ","Belanja Pakaian Khusus Dan Hari-Hari Tertentu ",1400000,1600000,200000,14.29,
"1.01 . 1.01.02 . 20.13 . 5.2.2.14.03 ","Belanja Pakaian Batik Tradisional ",1400000,1600000,200000,14.29,"Belanja baju batik seragam bagi juara 1 ke Propinsi8 org x 200.000,00 = 1.600.000,00"
"1.01 . 1.01.02 . 20.13 . 5.2.2.23 ","Belanja Barang yang akan diserahkan kepada Masyarakat/ Pihak ketiga",46500000,43500000,-3000000,-6.45,
"1.01 . 1.01.02 . 20.13 . 5.2.2.23.01 ","Belanja Barang yang akan diserahkan kepada Masyarakat",46500000,43500000,-3000000,-6.45,"Belanja hadiah dan penghargaanJuara 18 org x 2.000.000,00 = 16.000.000,00
Juara 25 org x 1.500.000,00 = 7.500.000,00
Juara 35 org x 1.000.000,00 = 5.000.000,00
Pemberian reward bagi peserta lomba yang berhasil meraih juara 1,2,3 tingkat propinsi1 keg x 15.000.000,00 = 15.000.000,00"
"1.01 . 1.01.02 . 20.14 ","Kinerja Kepala Sekolah ",20000000,12400000,-7600000,-38,"Sumber Dana : Dana Alokasi Umum (D A U)
Lokasi Kegiatan : Kab. Bantul"
"1.01 . 1.01.02 . 20.14 . 5.2.1 ","Belanja Pegawai ",7200000,1750000,-5450000,-75.69,
"1.01 . 1.01.02 . 20.14 . 5.2.1.01 ","Honorarium PNS ",7200000,1750000,-5450000,-75.69,
"1.01 . 1.01.02 . 20.14 . 5.2.1.01.01 ","Honorarium Panitia Pelaksana Kegiatan ",7200000,1750000,-5450000,-75.69,"Honor panitia pelaksana1 org/bjj x 1.750.000,00 = 1.750.000,00
Honor tim kinerja kepala sekolahHonor tim kinerja40 oh x 0,00 = 0,00"
"1.01 . 1.01.02 . 20.14 . 5.2.2 ","Belanja Barang dan Jasa ",12800000,10650000,-2150000,-16.8,
"1.01 . 1.01.02 . 20.14 . 5.2.2.01 ","Belanja Bahan Pakai Habis ",1205000,1205000,0,0,
"1.01 . 1.01.02 . 20.14 . 5.2.2.01.01 ","Belanja Alat Tulis Kantor ",1205000,1205000,0,0,"Belanja ATK1 Keg x 1.205.000,00 = 1.205.000,00"
"1.01 . 1.01.02 . 20.14 . 5.2.2.06 ","Belanja Cetak/Penggandaan/Dokumentasi ",1350000,1350000,0,0,
"1.01 . 1.01.02 . 20.14 . 5.2.2.06.02 ","Belanja Penggandaan/Foto Copy ",1350000,1350000,0,0,"Belanja Penggandaan / Foto Copy9,000 lbr x 150,00 = 1.350.000,00"
"1.01 . 1.01.02 . 20.14 . 5.2.2.11 ","Belanja Makanan Dan Minuman ",1875000,1875000,0,0,
"1.01 . 1.01.02 . 20.14 . 5.2.2.11.02 ","Belanja Makanan Dan Minuman Rapat ",1875000,1875000,0,0,"Belanja Makan Minum Rapat75 dos x 25.000,00 = 1.875.000,00"
"1.01 . 1.01.02 . 20.14 . 5.2.2.15 ","Belanja Perjalanan Dinas ",8370000,6220000,-2150000,-25.69,
"1.01 . 1.01.02 . 20.14 . 5.2.2.15.01 ","Belanja Perjalanan Dinas Dalam Daerah ",8370000,6220000,-2150000,-25.69,"Belanja Perjalanan Dinas Dalam Daerah
Golongan 498 org x 50.000,00 = 4.900.000,00
Golongan 324 org x 40.000,00 = 960.000,00
Golongan 212 org x 30.000,00 = 360.000,00"
"1.01 . 1.01.02 . 20.22 ","Penilaian Kinerja Guru ",0,26850000,26850000,0,"Sumber Dana :
 Lokasi Kegiatan : Kab. Bantul"
"1.01 . 1.01.02 . 20.22 . 5.2.1 ","Belanja Pegawai ",0,3750000,3750000,0,
"1.01 . 1.01.02 . 20.22 . 5.2.1.01 ","Honorarium PNS ",0,1750000,1750000,0,
"1.01 . 1.01.02 . 20.22 . 5.2.1.01.01 ","Honorarium Panitia Pelaksana Kegiatan ",0,1750000,1750000,0,"Honorarium Panitia Pelaksana Kegiatan
Honorarium panitia pelaksana kegiatan workshop1 bjj x 1.750.000,00 = 1.750.000,00"
"1.01 . 1.01.02 . 20.22 . 5.2.1.03 ","Uang Lembur ",0,2000000,2000000,0,
"1.01 . 1.01.02 . 20.22 . 5.2.1.03.01 ","Uang Lembur PNS ",0,2000000,2000000,0,"Uang lembur PNS
Uang lembur PNS Gol III dan IV120 orang x 15.000,00 = 1.800.000,00
Uang lembur gol II20 orang x 10.000,00 = 200.000,00"
"1.01 . 1.01.02 . 20.22 . 5.2.2 ","Belanja Barang dan Jasa ",0,23100000,23100000,0,
"1.01 . 1.01.02 . 20.22 . 5.2.2.01 ","Belanja Bahan Pakai Habis ",0,2750000,2750000,0,
"1.01 . 1.01.02 . 20.22 . 5.2.2.01.01 ","Belanja Alat Tulis Kantor ",0,2750000,2750000,0,"Belanja alat tulis kantor
Belanja ATK1 ls x 2.000.000,00 = 2.000.000,00
ATK peserta50 orang x 15.000,00 = 750.000,00"
"1.01 . 1.01.02 . 20.22 . 5.2.2.06 ","Belanja Cetak/Penggandaan/Dokumentasi ",0,750000,750000,0,
"1.01 . 1.01.02 . 20.22 . 5.2.2.06.02 ","Belanja Penggandaan/Foto Copy ",0,750000,750000,0,"Belanja foto copi/penggandaan5,000 lbr x 150,00 = 750.000,00"
"1.01 . 1.01.02 . 20.22 . 5.2.2.07 ","Belanja Sewa Rumah/Gedung/Gudang/Parkir ",0,1500000,1500000,0,
"1.01 . 1.01.02 . 20.22 . 5.2.2.07.03 ","Belanja Sewa Ruang Rapat/Pertemuan ",0,1500000,1500000,0,"Sewa ruang ruang rapat/pertemuan
Sewa ruang rapat/pertemuan1 ls x 1.500.000,00 = 1.500.000,00"
"1.01 . 1.01.02 . 20.22 . 5.2.2.11 ","Belanja Makanan Dan Minuman ",0,11900000,11900000,0,
"1.01 . 1.01.02 . 20.22 . 5.2.2.11.02 ","Belanja Makanan Dan Minuman Rapat ",0,3000000,3000000,0,"Belanja makan minum rapat150 orang x 20.000,00 = 3.000.000,00"
"1.01 . 1.01.02 . 20.22 . 5.2.2.11.04 ","Belanja Makanan dan Minuman lembur ",0,2400000,2400000,0,"Belanja makan minum lembur120 orang x 20.000,00 = 2.400.000,00"
"1.01 . 1.01.02 . 20.22 . 5.2.2.11.05 ","Belanja makanan dan minuman pelaksanaan kegiatan",0,6500000,6500000,0,"Belanja makan minum kegiatan100 orang x 65.000,00 = 6.500.000,00"
"1.01 . 1.01.02 . 20.22 . 5.2.2.15 ","Belanja Perjalanan Dinas ",0,600000,600000,0,
"1.01 . 1.01.02 . 20.22 . 5.2.2.15.01 ","Belanja Perjalanan Dinas Dalam Daerah ",0,600000,600000,0,"Perjalanan dinas dalam propinsi
Perjalanan dinas dalam propinsi4 orang x 150.000,00 = 600.000,00"
"1.01 . 1.01.02 . 20.22 . 5.2.2.34 ","Honorarium Pelaksanaan Kegiatan ",0,5600000,5600000,0,
"1.01 . 1.01.02 . 20.22 . 5.2.2.34.01 ","Honorarium Nara Sumber/Moderator/Tenaga Ahli ",0,5600000,5600000,0,"Honor Narasumber16 jpl x 250.000,00 = 4.000.000,00
Honor Moderator16 jpl x 100.000,00 = 1.600.000,00"
"1.01 . 1.01.02 . 21 ","Program Manajemen Pelayanan Pendidikan ",2050638900,2023490052,-27148848,-1.32,
"1.01 . 1.01.02 . 21.01 ","Pelaksanaan Evaluasi Hasil Kinerja Bidang Pendidikan ",730766500,709646500,-21120000,-2.89,"Sumber Dana : Dana Alokasi Umum (D A U)"
"1.01 . 1.01.02 . 21.01 . 5.2.1 ","Belanja Pegawai ",13900000,13900000,0,0,
"1.01 . 1.01.02 . 21.01 . 5.2.1.01 ","Honorarium PNS ",13000000,13000000,0,0,
"1.01 . 1.01.02 . 21.01 . 5.2.1.01.01 ","Honorarium Panitia Pelaksana Kegiatan ",13000000,13000000,0,0,"Honorarium panitia kegiatanTPK Tim UN Kabupaten1 Bjj x 9.000.000,00 = 9.000.000,00
TPK Tim pendataan dan penyusun pedoman UN1 Bjj x 4.000.000,00 = 4.000.000,00"
"1.01 . 1.01.02 . 21.01 . 5.2.1.03 ","Uang Lembur ",900000,900000,0,0,
"1.01 . 1.01.02 . 21.01 . 5.2.1.03.01 ","Uang Lembur PNS ",900000,900000,0,0,"Uang lembur PNSGolongan 3 dan 450 org x 15.000,00 = 750.000,00
Golongan 215 org x 10.000,00 = 150.000,00"
"1.01 . 1.01.02 . 21.01 . 5.2.2 ","Belanja Barang dan Jasa ",716866500,695746500,-21120000,-2.95,
"1.01 . 1.01.02 . 21.01 . 5.2.2.01 ","Belanja Bahan Pakai Habis ",3000000,3000000,0,0,
"1.01 . 1.01.02 . 21.01 . 5.2.2.01.01 ","Belanja Alat Tulis Kantor ",3000000,3000000,0,0,"Belanja ATK
Belanja ATK kegiatan UN1 LS x 3.000.000,00 = 3.000.000,00"
"1.01 . 1.01.02 . 21.01 . 5.2.2.03 ","Belanja Jasa Kantor ",1100000,1100000,0,0,
"1.01 . 1.01.02 . 21.01 . 5.2.2.03.15 ","Belanja Publikasi ",1100000,1100000,0,0,"Belanja publikasi
Belanja publikasi melalui media elektronik2 keg x 400.000,00 = 800.000,00
Belanja pengadaan spanduk/banner1 keg x 300.000,00 = 300.000,00"
"1.01 . 1.01.02 . 21.01 . 5.2.2.06 ","Belanja Cetak/Penggandaan/Dokumentasi ",2700000,2700000,0,0,
"1.01 . 1.01.02 . 21.01 . 5.2.2.06.02 ","Belanja Penggandaan/Foto Copy ",2700000,2700000,0,0,"Belanja penggandaan
Belanja penggandaan/fotocopy18,000 lbr x 150,00 = 2.700.000,00"
"1.01 . 1.01.02 . 21.01 . 5.2.2.11 ","Belanja Makanan Dan Minuman ",14687500,14687500,0,0,
"1.01 . 1.01.02 . 21.01 . 5.2.2.11.02 ","Belanja Makanan Dan Minuman Rapat ",12500000,12500000,0,0,"Belanja makan minum rapat500 org x 25.000,00 = 12.500.000,00"
"1.01 . 1.01.02 . 21.01 . 5.2.2.11.04 ","Belanja Makanan dan Minuman lembur ",1137500,1137500,0,0,"Belana makan minum lembur
Belanja makan minum lembur65 org x 17.500,00 = 1.137.500,00"
"1.01 . 1.01.02 . 21.01 . 5.2.2.11.05 ","Belanja makanan dan minuman pelaksanaan kegiatan",1050000,1050000,0,0,"Belanja makanan dan minuman pelaksanaan kegiatan
Belanja makanan dan minuman kegiatan60 orang x 17.500,00 = 1.050.000,00"
"1.01 . 1.01.02 . 21.01 . 5.2.2.15 ","Belanja Perjalanan Dinas ",10320000,10320000,0,0,
"1.01 . 1.01.02 . 21.01 . 5.2.2.15.01 ","Belanja Perjalanan Dinas Dalam Daerah ",10320000,10320000,0,0,"Belanja perjalanan dinas dalam daerah
Golongan 4 dalam Kabupaten Bantul90 org x 50.000,00 = 4.500.000,00
Golongan 4 dalam Provinsi DIY20 org x 70.000,00 = 1.400.000,00
Golongan 3 dalam Provinsi DIY32 org x 60.000,00 = 1.920.000,00
Golongan 2 dalam Provinsi DIY10 org x 50.000,00 = 500.000,00
Golongan 3 dalam kabupaten Bantul50 org x 40.000,00 = 2.000.000,00"
"1.01 . 1.01.02 . 21.01 . 5.2.2.30 ","Belanja Operasional Pendidikan ",678659000,657539000,-21120000,-3.11,
"1.01 . 1.01.02 . 21.01 . 5.2.2.30.05 ","Belanja Operasional Pendidikan SMA/SMK ",678659000,657539000,-21120000,-3.11,"Belanja operasional pelaksanaan Ujian Nasional
Belanja operasional pelaksanaan Ujian Nasional SMA/MA4,938 siswa x 60.000,00 = 296.280.000,00
Belanja operasional pelaksanaan Ujian Nasional SMK4,791 siswa x 60.000,00 = 287.460.000,00
Belanja operasional pelaksanaan Ujian Nasional bagi Pokja SMA/MA4,938 siswa x 6.000,00 = 29.628.000,00
Belanja operasional pelaksanaan Ujian Nasional bagi Pokja SMK4,791 siswa x 6.000,00 = 28.746.000,00
Belanja operasional pelaksanaan UNPK Paket A107 siswa x 20.000,00 = 2.140.000,00
Belanja operasional pelaksanaan UNPK Paket B300 siswa x 20.000,00 = 6.000.000,00
Belanja operasional pelaksanaan UNPK Paket C150 siswa x 30.000,00 = 4.500.000,00
Belanja operasional pelaksanaan Pokja UNPK557 siswa x 5.000,00 = 2.785.000,00"
"1.01 . 1.01.02 . 21.01 . 5.2.2.34 ","Honorarium Pelaksanaan Kegiatan ",6400000,6400000,0,0,
"1.01 . 1.01.02 . 21.01 . 5.2.2.34.01 ","Honorarium Nara Sumber/Moderator/Tenaga Ahli ",200000,200000,0,0,"Hnorarium nara sumber
Honorarium nara sumber siaran media massa2 keg x 100.000,00 = 200.000,00"
"1.01 . 1.01.02 . 21.01 . 5.2.2.34.10 ","Honorarium Penyelenggaraan Kegiatan ",6200000,6200000,0,0,"Honorarium penyelenggara kegiatan
Honor tim entri data UN SMA/MA/SMK10,000 keg x 500,00 = 5.000.000,00
Honor petugas posko ujian nasional24 orang x 50.000,00 = 1.200.000,00"
"1.01 . 1.01.02 . 21.08 ","Penyelenggaraan Pelatihan, Seminar dan Lokakarya, Serta Diskusi Ilmiah Tentang Berbagai Isu Pendidikan",87422200,117961672,30539472,34.93,"Sumber Dana : Dana Alokasi Umum (D A U)
Lokasi Kegiatan : Kab. Bantul"
"1.01 . 1.01.02 . 21.08 . 5.2.1 ","Belanja Pegawai ",6210000,7160000,950000,15.3,
"1.01 . 1.01.02 . 21.08 . 5.2.1.01 ","Honorarium PNS ",6210000,7160000,950000,15.3,
"1.01 . 1.01.02 . 21.08 . 5.2.1.01.01 ","Honorarium Panitia Pelaksana Kegiatan ",6210000,7160000,950000,15.3,"Honor panitia pelaksana kegiatan (Raker)Honor panitia1 org x 1.710.000,00 = 1.710.000,00
Honor panitia pelaksana kegiatan (karakter)Honor Panitia Pelaksana Kegiatan (kepengawasan)1 keg x 2.250.000,00 = 2.250.000,00
Honor panitia pelaksana kegiatan (PPDB dan MOS)1 keg x 0,00 = 0,00Honor panitia pelaksana kegiatan (benc)1 org/bjj x 0,00 = 0,00
Honor panitia pelaksana kegiatan (kinerja guru)Honor panitia1 org/bjj x 0,00 = 0,00
Honor peanitia pelaksana kegiatan (PAUD)Honor panitia pelaksana kegiatan (PAUD)1 keg/bjj x 2.250.000,00 = 2.250.000,00
Honor Panitia Kegiatan (LAKIP)1 keg x 950.000,00 = 950.000,00"
"1.01 . 1.01.02 . 21.08 . 5.2.2 ","Belanja Barang dan Jasa ",81212200,110801672,29589472,36.43,
"1.01 . 1.01.02 . 21.08 . 5.2.2.01 ","Belanja Bahan Pakai Habis ",14272200,18081672,3809472,26.69,
"1.01 . 1.01.02 . 21.08 . 5.2.2.01.01 ","Belanja Alat Tulis Kantor ",14272200,18081672,3809472,26.69,"Belanja ATK (Raker)Belanja ATK Kegiatan (Raker)1 keg x 790.200,00 = 790.200,00
Belanja ATK Peserta (Raker)80 set x 45.000,00 = 3.600.000,00
Belanja ATK workshop pendidikan karakter bangsa
Belanja ATK Kegiatan workshop pendidikan karakter bangsa
Belanja ATK Peserta workshop pendidikan karakter bangsaBelanja ATK (Kepengawasan)
Belanja ATK Kegiatan Workshop Kepengawasan Sekolah1 keg x 450.000,00 = 450.000,00
Belanja ATK Peserta Workshop Kepengawasan Sekolah50 set x 30.000,00 = 1.500.000,00
Belanja ATK (PPDB dan MOS)ATK kegiatan (PPDB dan MOS)1 keg x 0,00 = 0,00
ATK peserta (PPDB dan MOS)100 set x 0,00 = 0,00
Belanja ATK (benc)1 keg x 0,00 = 0,00
ATK peserta (benc)125 org x 0,00 = 0,00
Belanja ATK (kinerja guru)Belanja ATK kegiatan (kinerja guru)1 keg x 0,00 = 0,00
Belanja ATK peserta (kinerja guru)325 set x 0,00 = 0,00
Belanja ATK (PAUD)ATK (PAUD)1 keg x 432.000,00 = 432.000,00
ATK Peserta (PAUD)125 keg x 60.000,00 = 7.500.000,00
Belanja ATK (LAKIP)Belanja ATK Kegiatan (LAKIP)1 keg x 834.472,00 = 834.472,00
Belanja ATK Peserta (LAKIP)85 org x 35.000,00 = 2.975.000,00"
"1.01 . 1.01.02 . 21.08 . 5.2.2.03 ","Belanja Jasa Kantor ",2200000,2200000,0,0,
"1.01 . 1.01.02 . 21.08 . 5.2.2.03.08 ","Belanja Sertifikasi ",175000,175000,0,0,"Belanja sertifikat PUG80 lbr x 0,00 = 0,00
Belanja Sertifikat workshop  pendidikan karakter bangsa
Belanja Sertifikat (kepengwsn)50 lbr x 1.000,00 = 50.000,00
Belanja sertifikat (PPDB dan MOS)100 lbr x 0,00 = 0,00
Belanja sertifikat (benc)125 lbr x 0,00 = 0,00
Belanja sertifikat (PAUD)125 lbr x 1.000,00 = 125.000,00"
"1.01 . 1.01.02 . 21.08 . 5.2.2.03.13 ","Belanja Dokumentasi ",725000,725000,0,0,"Belanja dokumentasi PUG1 keg x 0,00 = 0,00
Belanja Dokumentasi workshop  pendidikan karakter bangsa
Belanja Dokumentasi Workshop Kepengawasan Sekolah1 keg x 250.000,00 = 250.000,00
Belanja dokumentasi (PPDB dan MOS)1 buah x 0,00 = 0,00
Belanja dokumentasi (benc)1 keg x 0,00 = 0,00
Belanja dokumentasi (kinerja guru)1 keg x 0,00 = 0,00
Belanja dokumentasi (raker)1 keg x 225.000,00 = 225.000,00
Belanja dokumentasi (PAUD)1 keg x 250.000,00 = 250.000,00"
"1.01 . 1.01.02 . 21.08 . 5.2.2.03.15 ","Belanja Publikasi ",1300000,1300000,0,0,"Belanja publikasi PUG2 keg x 0,00 = 0,00
Belanja Publikasi  workshop pendidikan karakter bangsa
Belanja Publikasi Workshop Kepengawasan Sekolah2 keg x 250.000,00 = 500.000,00
Belanja publikasi (PPDB dan MOS)2 buah x 0,00 = 0,00
Belanja publikasi (benc)2 keg x 0,00 = 0,00Belanja publikasi (kinerja guru)2 buah x 0,00 = 0,00
Belanja publikasi (raker)2 buah x 150.000,00 = 300.000,00
Belanja publikasi (PAUD)2 buah x 250.000,00 = 500.000,00"
"1.01 . 1.01.02 . 21.08 . 5.2.2.06 ","Belanja Cetak/Penggandaan/Dokumentasi ",3300000,3300000,0,0,
"1.01 . 1.01.02 . 21.08 . 5.2.2.06.02 ","Belanja Penggandaan/Foto Copy ",3300000,3300000,0,0,"Belanja Penggandaan/Foto copy (Raker)7,500 lbr x 150,00 = 1.125.000,00
Belanja penggandaan/fotocopy materi workshop  pendidikan karakter bangsa
Belanja penggandaan/fotocopy materi workshop pendidikan karakter bangsa
Belanja Fotocopy (Kepengawasan Sekolah)
Belanja Fotocopy Workshop Kepengawasan Sekolah7,500 lbr x 150,00 = 1.125.000,00
Belanja fotocopy (PPDB dan MOS)Belanja fotocoy (PPDB dan MOS)7,500 lbr x 0,00 = 0,00
Belanja penggandaan/fotocopy (benc)7,000 lbr x 0,00 = 0,00
Belanja penggandaan/fotocopy (kinerja guru)30,000 lbr x 0,00 = 0,00
Belanja penggandaan/fotocopy (PAUD)7,000 lbr x 150,00 = 1.050.000,00"
"1.01 . 1.01.02 . 21.08 . 5.2.2.07 ","Belanja Sewa Rumah/Gedung/Gudang/Parkir ",2000000,4750000,2750000,137.5,
"1.01 . 1.01.02 . 21.08 . 5.2.2.07.03 ","Belanja Sewa Ruang Rapat/Pertemuan ",2000000,4750000,2750000,137.5,"Belanja sewa ruang rapat/ pertemuan (Raker)1 keg x 1.250.000,00 = 1.250.000,00
Belanja sewa ruang workshop pendidikan karakter bangsa
Belanja Sewa Ruang Rapat/Pertemuan (Kepengawasan Sekolah)
Belanja Sewa Ruang Rapat/Pertemuan Workshop Kepengawasan Sekolah1 keg x 1.250.000,00 = 1.250.000,00
Belanja sewa ruang rapat/pertemuan RTO
Belanja sewa ruang rapat/pertemuan (RTO)1 keg x 0,00 = 0,00
Belanja sewa ruang rapat/pertemuan (benc)1 keg x 0,00 = 0,00
Belanja sewa ruang rapat/pertemuan (kinerja guru)1 keg x 0,00 = 0,00
Belanja Sewa Ruang/Pertemuan (PAUD)1 keg x 1.250.000,00 = 1.250.000,00
Belanja Sewa Ruang (LAKIP)1 keg x 1.000.000,00 = 1.000.000,00"
"1.01 . 1.01.02 . 21.08 . 5.2.2.11 ","Belanja Makanan Dan Minuman ",47740000,59320000,11580000,24.26,
"1.01 . 1.01.02 . 21.08 . 5.2.2.11.02 ","Belanja Makanan Dan Minuman Rapat ",4340000,5215000,875000,20.16,"Belanja makan minum rapat (Raker Dinas)Belanja makan minum rapat (Raker)45 or x 17.500,00 = 787.500,00
Belanja makan dan minum rapat workshop pendidikan karakter bangsa
Belanja makan dan minum rapat (kepengawasan)
Belanja Makan dan Minuman Rapat Workshop Kepengawasan Sekolah75 keg x 17.500,00 = 1.312.500,00
Belanja makan minum rapat (PPDB dan MOS)75 org x 0,00 = 0,00
Belanja makan minum rapat (benc)128 org x 0,00 = 0,00
Belanja makan minum rapat (kinerja guru)32 dos x 0,00 = 0,00
Belanja makan dan minum rapat (PAUD)128 org x 17.500,00 = 2.240.000,00
Belanja makan dan minum rapat (LAKIP)35 org x 25.000,00 = 875.000,00"
"1.01 . 1.01.02 . 21.08 . 5.2.2.11.05 ","Belanja makanan dan minuman pelaksanaan kegiatan",43400000,54105000,10705000,24.67,"Belanja makanan dan minuman kegiatan (Raker program dan kegiatan 2014)
Belanja makanan dan minuman kegiatan (Raker)107 0m x 65.000,00 = 6.955.000,00
Belanja makan dan minum kegiatan pendidikan karakter bangsa
Belanja makan dan minum kegiatan workshop  pendidikan karakter bangsa
Belanja makan dan minuman kegiatan (kepengawasan)
Belanja makan dan minum kegiatan (kepengawasan)70 keg x 120.000,00 = 8.400.000,00
Belanja makan dan minum kegiatan (RTO)125 org x 0,00 = 0,00
Belanja makan minum pelaksanaan kegiatan (benc)170 org x 0,00 = 0,00
Belanja makan minum kegiatan (kinerja guru)380 org x 0,00 = 0,00
Belanja Makan Minum Kegiatan (PAUD)170 orang x 125.000,00 = 21.250.000,00
Belanja makan minum kegiatan (LAKIP)
Belanja makan minum kegiatan 2 hari (LAKIP)140 org x 125.000,00 = 17.500.000,00"
"1.01 . 1.01.02 . 21.08 . 5.2.2.15 ","Belanja Perjalanan Dinas ",0,7500000,7500000,0,
"1.01 . 1.01.02 . 21.08 . 5.2.2.15.02 ","Belanja Perjalanan Dinas Luar Daerah ",0,7500000,7500000,0,"Perjalanan Dinas Luar Daerah (Konsultasi IKU dan Indikator Pendidikan)1 keg x 7.500.000,00 = 7.500.000,00"
"1.01 . 1.01.02 . 21.08 . 5.2.2.34 ","Honorarium Pelaksanaan Kegiatan ",11700000,15650000,3950000,33.76,
"1.01 . 1.01.02 . 21.08 . 5.2.2.34.01 ","Honorarium Nara Sumber/Moderator/Tenaga Ahli ",11700000,15650000,3950000,33.76,"Workshop  pendidikan karakter bangsa
Honor narasumberHonor moderatorHonor MC1 org x 0,00 = 0,00
Honor dirijen/pemandu nyanyi1 org x 0,00 = 0,00
Honor pembaca do'a1 org x 0,00 = 0,00
Workshop kepengawasanHonor Narasumber6 jpl x 400.000,00 = 2.400.000,00
Honor moderator6 org x 200.000,00 = 1.200.000,00
Honor direjen/pemandu nyanyi1 org x 100.000,00 = 100.000,00
Honor MC1 org x 100.000,00 = 100.000,00
Honr pembaca do'a1 org x 100.000,00 = 100.000,00
Workshop rapat kerja program dan kegiatan 2014 (Raker Dinas)
Honor narasumber rapat kerja prgram dan kegiatan 20146 jpl x 400.000,00 = 2.400.000,00
Honor moderator6 org x 200.000,00 = 1.200.000,00
Honor MC1 org x 100.000,00 = 100.000,00
Honor dirijen/pemandu lagu1 org x 100.000,00 = 100.000,00
Honor pembaca do'a1 org x 100.000,00 = 100.000,00
Workshop pengarus utamaan gender (PUG) bidang pendidikan
Honor narasumber workshop pengarus utamaan gender bidang pendidikan6 jpl x 0,00 = 0,00
Honor moderator6 org x 0,00 = 0,00
Honor MC1 org x 0,00 = 0,00Honor dirijen/pemandu nyanyi1 org x 0,00 = 0,00
Honor pembaca do'a1 org x 0,00 = 0,00
Workshop penerimaan peserta didik baru dan MOSHonor nara sumber (RTO)7 jpl x 0,00 = 0,00
Honor MC1 org x 0,00 = 0,00
Honor moderator1 org x 0,00 = 0,00
Honor dirijen/pemandu nyanyi1 org x 0,00 = 0,00
Honor pembaca do'a1 org x 0,00 = 0,00
Workshop pengurangan resiko bencana di sekolah
Hoor narasumber (benc)6 org x 0,00 = 0,00
Honor moderator (benc)6 org x 0,00 = 0,00
Honor dirijen/penyanyi (benc)1 org x 0,00 = 0,00
Honor MC1 org x 0,00 = 0,00
Honor pembaca do'a1 org x 0,00 = 0,00
Workshop penilaian kinerja guruHonor narasumber (kinerja guru)16 jpl x 0,00 = 0,00
Honor moderator1 org x 0,00 = 0,00
Honor MC1 org x 0,00 = 0,00
Honor dirijen/pemandu nyanyi1 org x 0,00 = 0,00
Honor pembaca do'a1 org x 0,00 = 0,00
Workshop PAUDHonor Narasumber (PAUD)6 orang x 400.000,00 = 2.400.000,00
Honor Moderator (PAUD)6 orang x 200.000,00 = 1.200.000,00
Honor Dirijen/Penyanyi (PAUD)1 orang x 100.000,00 = 100.000,00
Honor MC (PAUD)1 orang x 100.000,00 = 100.000,00
Honor Pembaca Doa (PAUD)1 orang x 100.000,00 = 100.000,00
Workshop LAKIPHonor Narasumber (LAKIP)4 org x 400.000,00 = 1.600.000,00
Honor Narasumber  (LAKIP)4 org x 400.000,00 = 1.600.000,00
Honor Moderator (LAKIP)3 org x 150.000,00 = 450.000,00
Honor MC (LAKIP)1 org x 100.000,00 = 100.000,00
Honor Pemandu nyanyi (LAKIP)1 org x 100.000,00 = 100.000,00
Honor Pembaca Doa (LAKIP)1 org x 100.000,00 = 100.000,00"
"1.01 . 1.01.02 . 21.09 ","Monitoring, Evaluasi dan Pelaporan ",39650000,39650000,0,0,"Sumber Dana : Dana Alokasi Umum (D A U)
Lokasi Kegiatan : Kab. Bantul"
"1.01 . 1.01.02 . 21.09 . 5.2.1 ","Belanja Pegawai ",4000000,4000000,0,0,
"1.01 . 1.01.02 . 21.09 . 5.2.1.01 ","Honorarium PNS ",4000000,4000000,0,0,
"1.01 . 1.01.02 . 21.09 . 5.2.1.01.01 ","Honorarium Panitia Pelaksana Kegiatan ",4000000,4000000,0,0,"Honor panitia pelaksana kegiatan
Honor panitia pelaksana kegiatan (8 SNP)1 org/bjj x 2.000.000,00 = 2.000.000,00
Honor panitia pelaksana kegiatan (kur 13)1 keg x 2.000.000,00 = 2.000.000,00"
"1.01 . 1.01.02 . 21.09 . 5.2.2 ","Belanja Barang dan Jasa ",35650000,35650000,0,0,
"1.01 . 1.01.02 . 21.09 . 5.2.2.01 ","Belanja Bahan Pakai Habis ",600000,600000,0,0,
"1.01 . 1.01.02 . 21.09 . 5.2.2.01.01 ","Belanja Alat Tulis Kantor ",600000,600000,0,0,"Belanja ATK
Belanja ATK (8 SNP)1 keg x 300.000,00 = 300.000,00
Belanja ATK (kur 13)1 keg x 300.000,00 = 300.000,00"
"1.01 . 1.01.02 . 21.09 . 5.2.2.06 ","Belanja Cetak/Penggandaan/Dokumentasi ",900000,900000,0,0,
"1.01 . 1.01.02 . 21.09 . 5.2.2.06.02 ","Belanja Penggandaan/Foto Copy ",900000,900000,0,0,"Belanja penggandaan/fotocopy
Belanja penggandaan/fotocopy (8 SNP)3,000 lbr x 150,00 = 450.000,00
Belanja penggandaan/fotocopy (kur 13)3,000 lbr x 150,00 = 450.000,00"
"1.01 . 1.01.02 . 21.09 . 5.2.2.11 ","Belanja Makanan Dan Minuman ",6650000,6650000,0,0,
"1.01 . 1.01.02 . 21.09 . 5.2.2.11.02 ","Belanja Makanan Dan Minuman Rapat ",6650000,6650000,0,0,"Belanja makanan dan minuman rapat
Belanja makanan dan minman rapat (8 SNP)190 org x 17.500,00 = 3.325.000,00
Belanja makan dan minum rapat (kur 13)190 om x 17.500,00 = 3.325.000,00"
"1.01 . 1.01.02 . 21.09 . 5.2.2.15 ","Belanja Perjalanan Dinas ",17500000,17500000,0,0,
"1.01 . 1.01.02 . 21.09 . 5.2.2.15.01 ","Belanja Perjalanan Dinas Dalam Daerah ",17500000,17500000,0,0,"Belanja perjalanan dinas dalam daerahGolongan 4 (8 SNP)174 org x 50.000,00 = 8.700.000,00
Golongan 3 (8 SNP)70 org x 40.000,00 = 2.800.000,00
Golongan 2 (8 SNP)10 org x 30.000,00 = 300.000,00
Golongan 4 (kur 13)74 oj x 50.000,00 = 3.700.000,00
Golongan 3 (kur 13)44 oj x 40.000,00 = 1.760.000,00
Golongan 2 (kur 13)8 oj x 30.000,00 = 240.000,00"
"1.01 . 1.01.02 . 21.09 . 5.2.2.34 ","Honorarium Pelaksanaan Kegiatan ",10000000,10000000,0,0,
"1.01 . 1.01.02 . 21.09 . 5.2.2.34.11 ",,10000000,10000000,0,0,"Honor tim monitoring dan pembinaan
Honor tim monitoring dan pembinaan (8 SNP)60 org x 100.000,00 = 6.000.000,00
Honor tim monitoring (kur 13)40 jpl x 100.000,00 = 4.000.000,00"
"1.01 . 1.01.02 . 21.10 ","Sukses Ujian Nasional ",237162500,209409800,-27752700,-11.7,"Sumber Dana : "
"1.01 . 1.01.02 . 21.10 . 5.2.1 ","Belanja Pegawai ",14935000,7390000,-7545000,-50.52,
"1.01 . 1.01.02 . 21.10 . 5.2.1.01 ","Honorarium PNS ",14935000,7390000,-7545000,-50.52,
"1.01 . 1.01.02 . 21.10 . 5.2.1.01.01 ","Honorarium Panitia Pelaksana Kegiatan ",13760000,6215000,-7545000,-54.83,"Honorarium panitia pelaksana kegiatan1 org/bjj x 6.215.000,00 = 6.215.000,00
Honor tim monev"
"1.01 . 1.01.02 . 21.10 . 5.2.1.01.02 ","Honorarium Tim Pengadaan Barang dan Jasa ",1175000,1175000,0,0,"Honorarium tim pengadaan barang dan jasahonor PPK1 org x 350.000,00 = 350.000,00
Honor pejabat pengadaan1 org x 300.000,00 = 300.000,00
Honor penerima barang1 org/bjj x 525.000,00 = 525.000,00"
"1.01 . 1.01.02 . 21.10 . 5.2.2 ","Belanja Barang dan Jasa ",222227500,202019800,-20207700,-9.09,
"1.01 . 1.01.02 . 21.10 . 5.2.2.01 ","Belanja Bahan Pakai Habis ",450000,450000,0,0,
"1.01 . 1.01.02 . 21.10 . 5.2.2.01.01 ","Belanja Alat Tulis Kantor ",450000,450000,0,0,"ATK kegiatanBelanja 
ATK kegiatan1 keg x 450.000,00 = 450.000,00"
"1.01 . 1.01.02 . 21.10 . 5.2.2.03 ","Belanja Jasa Kantor ",19900000,19352800,-547200,-2.75,
"1.01 . 1.01.02 . 21.10 . 5.2.2.03.15 ","Belanja Publikasi ",400000,400000,0,0,"Belanja publikasi
Belanja publikasi melalui media massa1 keg x 400.000,00 = 400.000,00"
"1.01 . 1.01.02 . 21.10 . 5.2.2.03.24 ","Belanja Jasa Penghitungan/Penilai ",19500000,18952800,-547200,-2.81,"Belanja biaya jasa penilaian hasil/koreksi
Belanja jasa penilaian hasil ujicoba UN/koreksi hasil tryout1 keg x 18.952.800,00 = 18.952.800,00"
"1.01 . 1.01.02 . 21.10 . 5.2.2.06 ","Belanja Cetak/Penggandaan/Dokumentasi ",140000000,131849500,-8150500,-5.82,
"1.01 . 1.01.02 . 21.10 . 5.2.2.06.02 ","Belanja Penggandaan/Foto Copy ",140000000,131849500,-8150500,-5.82,"Belanja penggandaan naskah soal uji coba UN, lembar jawab, amplop, dll
Belanja penggandaan naskah soal tertulis, master dan rekaman soal listening, lembar jawab komputer, amplop soal, daftar hadir, berita acara, dll1 keg x 131.849.500,00 = 131.849.500,00"
"1.01 . 1.01.02 . 21.10 . 5.2.2.11 ","Belanja Makanan Dan Minuman ",6937500,6937500,0,0,
"1.01 . 1.01.02 . 21.10 . 5.2.2.11.02 ","Belanja Makanan Dan Minuman Rapat ",3937500,3937500,0,0,"Belanja makan dan minum rapat225 om x 17.500,00 = 3.937.500,00"
"1.01 . 1.01.02 . 21.10 . 5.2.2.11.05 ","Belanja makanan dan minuman pelaksanaan kegiatan",3000000,3000000,0,0,"Belanja makan minum kegiatan
Belanja makan minum kegiatan tryout Paket C120 org x 25.000,00 = 3.000.000,00"
"1.01 . 1.01.02 . 21.10 . 5.2.2.15 ","Belanja Perjalanan Dinas ",2040000,130000,-1910000,-93.63,
"1.01 . 1.01.02 . 21.10 . 5.2.2.15.01 ","Belanja Perjalanan Dinas Dalam Daerah ",2040000,130000,-1910000,-93.63,"Belanja perjalanan dinasGolongan 4Golongan 31 org x 40.000,00 = 40.000,00
Golongan 23 org x 30.000,00 = 90.000,00"
"1.01 . 1.01.02 . 21.10 . 5.2.2.34 ","Honorarium Pelaksanaan Kegiatan ",52900000,43300000,-9600000,-18.15,
"1.01 . 1.01.02 . 21.10 . 5.2.2.34.01 ","Honorarium Nara Sumber/Moderator/Tenaga Ahli ",48100000,38500000,-9600000,-19.96,"Honor nara sumber
Honor nara sumber siaran media massa1 keg x 100.000,00 = 100.000,00
Honor penyusun naskah soal SMA/MA, 2 kali62 org x 300.000,00 = 18.600.000,00
Honor penyusun naskah soal SMK, 2 kali44 org x 300.000,00 = 13.200.000,00
Honor penyusun naskah soal PNF, 2 kali22 org x 300.000,00 = 6.600.000,00"
"1.01 . 1.01.02 . 21.10 . 5.2.2.34.10 ","Honorarium Penyelenggaraan Kegiatan ",4800000,4800000,0,0,"Honor penyelenggara kegiatan try out Paket C
Honor pengawas (20 org x 3 hr)60 org x 50.000,00 = 3.000.000,00
Honor pengelola @ 2 org18 lrg x 100.000,00 = 1.800.000,00"
"1.01 . 1.01.02 . 21.11 ","Penyusunan Kalender Pendidikan dan Penerimaan Peserta Didik Baru (PPDB) ",299857500,159909988,-139947512,-46.67,"Sumber Dana : Dana Alokasi Umum (D A U)"
"1.01 . 1.01.02 . 21.11 . 5.2.1 ","Belanja Pegawai ",26270000,26270000,0,0,
"1.01 . 1.01.02 . 21.11 . 5.2.1.01 ","Honorarium PNS ",26270000,26270000,0,0,
"1.01 . 1.01.02 . 21.11 . 5.2.1.01.01 ","Honorarium Panitia Pelaksana Kegiatan ",26270000,26270000,0,0,"Honorarium panitia (Dana DID)
Honorarium panitia PPDB kabupaten1 keg/bjj x 2.500.000,00 = 2.500.000,00
Honorarium tim penyusun pedoman PPDB dan kaldik1 keg/bjj x 2.270.000,00 = 2.270.000,00
Honor tim pendataan siswa gakin1 keg/bjj x 1.500.000,00 = 1.500.000,00
Honor tim penambahan nilai1 keg/bjj x 500.000,00 = 500.000,00
Honor tim penyelenggara posko informasi PPDB1 keg/bjj x 1.500.000,00 = 1.500.000,00
Honor tim monev pelaksanaan PPDB30 orang x 250.000,00 = 7.500.000,00
Honor tim operator PPDB RTO di satuan pendidikan dan di central (beberapa hari)350 orang x 30.000,00 = 10.500.000,00"
"1.01 . 1.01.02 . 21.11 . 5.2.2 ","Belanja Barang dan Jasa ",273587500,133639988,-139947512,-51.15,
"1.01 . 1.01.02 . 21.11 . 5.2.2.01 ","Belanja Bahan Pakai Habis ",850000,1002488,152488,17.94,
"1.01 . 1.01.02 . 21.11 . 5.2.2.01.01 ","Belanja Alat Tulis Kantor ",850000,1002488,152488,17.94,"Belanja Bahan Habis Pakai
Belanja ATK1 Ls x 1.002.488,00 = 1.002.488,00"
"1.01 . 1.01.02 . 21.11 . 5.2.2.03 ","Belanja Jasa Kantor ",14600000,14600000,0,0,
"1.01 . 1.01.02 . 21.11 . 5.2.2.03.13 ","Belanja Dokumentasi ",300000,300000,0,0,"Belanja dokumentasi (Dana DID)
Belanja dokumentasi kegiatan1 keg x 300.000,00 = 300.000,00"
"1.01 . 1.01.02 . 21.11 . 5.2.2.03.15 ","Belanja Publikasi ",14300000,14300000,0,0,"Belanja publikasi (Dana DID)
Belanja publikasi melalui media massa2 keg x 400.000,00 = 800.000,00
Belanja pengadaan spanduk/banner10 unit x 100.000,00 = 1.000.000,00
Belanja iklan/spot/pariwara/pengumuman  PPDB secara online melalui media massa1 paket x 12.500.000,00 = 12.500.000,00"
"1.01 . 1.01.02 . 21.11 . 5.2.2.06 ","Belanja Cetak/Penggandaan/Dokumentasi ",7637500,7637500,0,0,
"1.01 . 1.01.02 . 21.11 . 5.2.2.06.01 ","Belanja Cetak ",6450000,6450000,0,0,"Belanja cetak (Dana DID)
Belanja cetak buku kalender pendidikan650 unit x 5.000,00 = 3.250.000,00
Belanja cetak poster kalender pendididikan800 lbr x 4.000,00 = 3.200.000,00"
"1.01 . 1.01.02 . 21.11 . 5.2.2.06.02 ","Belanja Penggandaan/Foto Copy ",1187500,1187500,0,0,"Belanja penggandaan/fotocopy (Dana DID)
Belanja penggandaan/fotocopy pedoman PPDB2,500 lbr x 125,00 = 312.500,00
Belanja foto kopi kegiatan7,000 lbr x 125,00 = 875.000,00"
"1.01 . 1.01.02 . 21.11 . 5.2.2.07 ","Belanja Sewa Rumah/Gedung/Gudang/Parkir ",1000000,0,-1000000,-100,
"1.01 . 1.01.02 . 21.11 . 5.2.2.07.02 ","Belanja Sewa Gedung/Kantor/Tempat ",1000000,0,-1000000,-100,"Belanja sewa gedung/kantor/tempatBelanja
 sewa tempat pelatihan operator dan admin dalam uji coba PPDB online"
"1.01 . 1.01.02 . 21.11 . 5.2.2.11 ","Belanja Makanan Dan Minuman ",32750000,32750000,0,0,
"1.01 . 1.01.02 . 21.11 . 5.2.2.11.02 ","Belanja Makanan Dan Minuman Rapat ",2625000,2625000,0,0,"Belanja makan minum rapat (Dana DID)
Belanja makan minum rapat150 dos x 17.500,00 = 2.625.000,00"
"1.01 . 1.01.02 . 21.11 . 5.2.2.11.05 ","Belanja makanan dan minuman pelaksanaan kegiatan",30125000,30125000,0,0,"Belanja makan minum kegiatan (Dana DID)
Belanja makan minum kegiatan sosialisasi PPDB100 orang x 17.500,00 = 1.750.000,00
Belanja makan minum sosialisasi siswa gakin50 orang x 17.500,00 = 875.000,00
Belanja makan minum bagi panitia PPDB di satuan pendidikan dan di central1,100 org x 25.000,00 = 27.500.000,00"
"1.01 . 1.01.02 . 21.11 . 5.2.2.15 ","Belanja Perjalanan Dinas ",11350000,7050000,-4300000,-37.89,
"1.01 . 1.01.02 . 21.11 . 5.2.2.15.01 ","Belanja Perjalanan Dinas Dalam Daerah ",8350000,7050000,-1300000,-15.57,"Belanja perjalanan dinas dalam daerah dalam kabupatenGolongan 475 keg x 50.000,00 = 3.750.000,00
Golongan 360 keg x 40.000,00 = 2.400.000,00
Golongan 230 keg x 30.000,00 = 900.000,00
Belanja dinas dalam daerah dalam provinsiGolongan 4Golongan 3"
"1.01 . 1.01.02 . 21.11 . 5.2.2.15.02 ","Belanja Perjalanan Dinas Luar Daerah ",3000000,0,-3000000,-100,"Perjalanan dinas luar daerahGolongan 3 dan atau 4"
"1.01 . 1.01.02 . 21.11 . 5.2.2.30 ","Belanja Operasional Pendidikan ",197500000,62700000,-134800000,-68.25,
"1.01 . 1.01.02 . 21.11 . 5.2.2.30.05 ","Belanja Operasional Pendidikan SMA/SMK ",197500000,62700000,-134800000,-68.25,"Belanja operasional penyelenggaraan penerimaan peserta didik baru SMA/SMK secara oneline (RTO)
Belanja operasional pelaksanaanuntuk uji coba penerimaan peserta didik baru SMA/SMK secara online (RTO)
Belanja operasional pelaksanaan penerimaan peserta didik baru SMA/SMK secara online (RTO)1 keg x 62.700.000,00 = 62.700.000,00"
"1.01 . 1.01.02 . 21.11 . 5.2.2.34 ","Honorarium Pelaksanaan Kegiatan ",7900000,7900000,0,0,
"1.01 . 1.01.02 . 21.11 . 5.2.2.34.01 ","Honorarium Nara Sumber/Moderator/Tenaga Ahli ",7900000,7900000,0,0,"Honorarium nara sumber (Dana DID)
Honorarium nara sumber sosialisasi PPDB8 jpl x 350.000,00 = 2.800.000,00
Honorarium narasumber siaran media massa2 org x 100.000,00 = 200.000,00
Honorarium ahli/pakar untuk pelatihan PPDB RTO5 jpl x 500.000,00 = 2.500.000,00
Honor instruktur pendamping pelatihan12 orang x 200.000,00 = 2.400.000,00"
"1.01 . 1.01.02 . 21.15 ","Penyusunan Renstra Bidang Pendidikan Menengah dan Non Formal ",18875000,10162500,-8712500,-46.16,"Sumber Dana : Dana Alokasi Umum (D A U)
Lokasi Kegiatan : Kab. Bantul"
"1.01 . 1.01.02 . 21.15 . 5.2.1 ","Belanja Pegawai ",950000,950000,0,0,
"1.01 . 1.01.02 . 21.15 . 5.2.1.01 ","Honorarium PNS ",950000,950000,0,0,
"1.01 . 1.01.02 . 21.15 . 5.2.1.01.01 ","Honorarium Panitia Pelaksana Kegiatan ",950000,950000,0,0,"Honor panitia1 bjj x 950.000,00 = 950.000,00"
"1.01 . 1.01.02 . 21.15 . 5.2.2 ","Belanja Barang dan Jasa ",17925000,9212500,-8712500,-48.61,
"1.01 . 1.01.02 . 21.15 . 5.2.2.01 ","Belanja Bahan Pakai Habis ",750000,750000,0,0,
"1.01 . 1.01.02 . 21.15 . 5.2.2.01.01 ","Belanja Alat Tulis Kantor ",750000,750000,0,0,"Belanja ATK1 keg x 750.000,00 = 750.000,00"
"1.01 . 1.01.02 . 21.15 . 5.2.2.06 ","Belanja Cetak/Penggandaan/Dokumentasi ",1025000,1025000,0,0,
"1.01 . 1.01.02 . 21.15 . 5.2.2.06.02 ","Belanja Penggandaan/Foto Copy ",1025000,1025000,0,0,"Belanja penggandaan
Belanja fotocopy3,500 lbr x 150,00 = 525.000,00
Belanja penjilidan dokumen1 keg x 500.000,00 = 500.000,00"
"1.01 . 1.01.02 . 21.15 . 5.2.2.11 ","Belanja Makanan Dan Minuman ",8500000,7437500,-1062500,-12.5,
"1.01 . 1.01.02 . 21.15 . 5.2.2.11.02 ","Belanja Makanan Dan Minuman Rapat ",3500000,3062500,-437500,-12.5,"Belanja makan minum rapat175 doz x 17.500,00 = 3.062.500,00"
"1.01 . 1.01.02 . 21.15 . 5.2.2.11.05 ","Belanja makanan dan minuman pelaksanaan kegiatan",5000000,4375000,-625000,-12.5,"Makan minum kegiatan penyusunan
Belanja makan minum penyusunan renstra, renja, lakip, dan laporan175 doz x 25.000,00 = 4.375.000,00"
"1.01 . 1.01.02 . 21.15 . 5.2.2.15 ","Belanja Perjalanan Dinas ",7650000,0,-7650000,-100,
"1.01 . 1.01.02 . 21.15 . 5.2.2.15.01 ","Belanja Perjalanan Dinas Dalam Daerah ",7650000,0,-7650000,-100,"Perjalanan dinas dalam daerahGolongan 4Golongan 3Golongan 2"
"1.01 . 1.01.02 . 21.22 ","Penyusunan Profil Pendidikan dan Buku Saku ",105880000,115605000,9725000,9.18,"Sumber Dana : Dana Alokasi Umum (D A U)"
"1.01 . 1.01.02 . 21.22 . 5.2.1 ","Belanja Pegawai ",21000000,36000000,15000000,71.43,
"1.01 . 1.01.02 . 21.22 . 5.2.1.01 ","Honorarium PNS ",21000000,36000000,15000000,71.43,
"1.01 . 1.01.02 . 21.22 . 5.2.1.01.01 ","Honorarium Panitia Pelaksana Kegiatan ",14000000,9000000,-5000000,-35.71,"Honor panitia pelaksana kegiatan1 org/bjj x 2.000.000,00 = 2.000.000,00
Honor penyusun naskah buletin
Honor penyusun naskah buletin1 org/bjj x 5.000.000,00 = 5.000.000,00
Honor tim penyusun buku saku1 org/bjj x 2.000.000,00 = 2.000.000,00
Honor tim penyusun buku karakter bangsa"
"1.01 . 1.01.02 . 21.22 . 5.2.1.01.05 ","Honorarium Staf Ahli ",7000000,27000000,20000000,285.71,"Honor tenaga ahli/penyusun naskah/draff/materi dll
Honor penyusun buletin1 org/bjj x 5.000.000,00 = 5.000.000,00
Honor penyusun buku saku1 org/bjj x 2.000.000,00 = 2.000.000,00
Honor penyusun buku karakter1 bjj x 20.000.000,00 = 20.000.000,00"
"1.01 . 1.01.02 . 21.22 . 5.2.2 ","Belanja Barang dan Jasa ",84880000,79605000,-5275000,-6.21,
"1.01 . 1.01.02 . 21.22 . 5.2.2.01 ","Belanja Bahan Pakai Habis ",350000,350000,0,0,
"1.01 . 1.01.02 . 21.22 . 5.2.2.01.01 ","Belanja Alat Tulis Kantor ",350000,350000,0,0,"Belanja ATK1 ls x 350.000,00 = 350.000,00"
"1.01 . 1.01.02 . 21.22 . 5.2.2.06 ","Belanja Cetak/Penggandaan/Dokumentasi ",75250000,77750000,2500000,3.32,
"1.01 . 1.01.02 . 21.22 . 5.2.2.06.01 ","Belanja Cetak ",74500000,77000000,2500000,3.36,"Belanja barang cetak dan penggandaan
Belanja barang cetak buletin1 keg x 10.000.000,00 = 10.000.000,00
Belanja cetak buku saku200 buah x 10.000,00 = 2.000.000,00
Belanja cetak buku karakter bangsa1 paket x 65.000.000,00 = 65.000.000,00"
"1.01 . 1.01.02 . 21.22 . 5.2.2.06.02 ","Belanja Penggandaan/Foto Copy ",750000,750000,0,0,"Belanja penggandaan/fotocopy5,000 lbr x 150,00 = 750.000,00"
"1.01 . 1.01.02 . 21.22 . 5.2.2.11 ","Belanja Makanan Dan Minuman ",3780000,1505000,-2275000,-60.19,
"1.01 . 1.01.02 . 21.22 . 5.2.2.11.05 ","Belanja makanan dan minuman pelaksanaan kegiatan",3780000,1505000,-2275000,-60.19,"Belanja makan minum kegiatan
Belanja makan minum kegiatan penyusunan buletin50 orang x 17.500,00 = 875.000,00
Belanja makan minum kegiatan penyusunan buku saku36 orang x 17.500,00 = 630.000,00
Belanja makan minum penyusunan buku karakter bangsa"
"1.01 . 1.01.02 . 21.22 . 5.2.2.15 ","Belanja Perjalanan Dinas ",5500000,0,-5500000,-100,
"1.01 . 1.01.02 . 21.22 . 5.2.2.15.01 ","Belanja Perjalanan Dinas Dalam Daerah ",5500000,0,-5500000,-100,"Belanja perjalanan dinas dalam daerah dalam kabupatenGolongan 4Golongan 3Golongan 2
Belanja perjalanan dinas dalam daerah dalam provinsiGolongan 44 org x 0,00 = 0,00Golongan 34 org x 0,00 = 0,00"
"1.01 . 1.01.02 . 21.23 ","Pengelolaan Informasi dan Dokumentasi ",22950000,36370000,13420000,58.47,"Sumber Dana : Dana Alokasi Umum (D A U)
Lokasi Kegiatan : Kabupaten Bantul"
"1.01 . 1.01.02 . 21.23 . 5.2.1 ","Belanja Pegawai ",2500000,2500000,0,0,
"1.01 . 1.01.02 . 21.23 . 5.2.1.01 ","Honorarium PNS ",2500000,2500000,0,0,
"1.01 . 1.01.02 . 21.23 . 5.2.1.01.01 ","Honorarium Panitia Pelaksana Kegiatan ",2500000,2500000,0,0,"Honorarium Tim1 bjj x 2.500.000,00 = 2.500.000,00"
"1.01 . 1.01.02 . 21.23 . 5.2.2 ","Belanja Barang dan Jasa ",20450000,33870000,13420000,65.62,
"1.01 . 1.01.02 . 21.23 . 5.2.2.01 ","Belanja Bahan Pakai Habis ",1000000,1000000,0,0,
"1.01 . 1.01.02 . 21.23 . 5.2.2.01.01 ","Belanja Alat Tulis Kantor ",1000000,1000000,0,0,"Belanja alat tulis kantor1 ls x 1.000.000,00 = 1.000.000,00"
"1.01 . 1.01.02 . 21.23 . 5.2.2.06 ","Belanja Cetak/Penggandaan/Dokumentasi ",750000,750000,0,0,
"1.01 . 1.01.02 . 21.23 . 5.2.2.06.02 ","Belanja Penggandaan/Foto Copy ",750000,750000,0,0,"Belanja foto copy5,000 lbr x 150,00 = 750.000,00"
"1.01 . 1.01.02 . 21.23 . 5.2.2.08 ","Belanja Sewa Sarana Mobilitas ",0,3000000,3000000,0,
"1.01 . 1.01.02 . 21.23 . 5.2.2.08.01 ","Belanja Sewa Sarana Mobilitas Darat ",0,3000000,3000000,0,"Sewa Sarana Mobilitas Darat2 hari x 1.500.000,00 = 3.000.000,00"
"1.01 . 1.01.02 . 21.23 . 5.2.2.11 ","Belanja Makanan Dan Minuman ",3000000,3420000,420000,14,
"1.01 . 1.01.02 . 21.23 . 5.2.2.11.02 ","Belanja Makanan Dan Minuman Rapat ",3000000,3420000,420000,14,"Belanja makan dan minum rapat120 dos x 20.000,00 = 2.400.000,00
Belanja Snack minum rapat120 dos x 8.500,00 = 1.020.000,00"
"1.01 . 1.01.02 . 21.23 . 5.2.2.15 ","Belanja Perjalanan Dinas ",15700000,25700000,10000000,63.69,
"1.01 . 1.01.02 . 21.23 . 5.2.2.15.01 ","Belanja Perjalanan Dinas Dalam Daerah ",1500000,1500000,0,0,"Belanja perjalanan dinas dalam daerah kab. Bantul
Belanja perjalanan dinas dalam daerah golongan 415 oj x 50.000,00 = 750.000,00
Belanja perjalanan dinas dalam daerah golongan 315 oj x 40.000,00 = 600.000,00
Belanja perjalanan dinas dalam daerah golongan 25 oj x 30.000,00 = 150.000,00"
"1.01 . 1.01.02 . 21.23 . 5.2.2.15.02 ","Belanja Perjalanan Dinas Luar Daerah ",14200000,24200000,10000000,70.42,"Belanja perjalanan dinas luar daerah
Golongan 410 oj x 1.100.000,00 = 11.000.000,00
Golongan 38 oj x 950.000,00 = 7.600.000,00
Golongan 27 org x 800.000,00 = 5.600.000,00"
"1.01 . 1.01.02 . 21.24 ","Pengembangan Pendidikan Mitigasi Bencana di Sekolah ",85912500,54750000,-31162500,-36.27,"Sumber Dana : Dana Alokasi Umum (D A U)
Lokasi Kegiatan : Kab. Bantul"
"1.01 . 1.01.02 . 21.24 . 5.2.1 ","Belanja Pegawai ",4500000,1250000,-3250000,-72.22,
"1.01 . 1.01.02 . 21.24 . 5.2.1.01 ","Honorarium PNS ",4500000,1250000,-3250000,-72.22,
"1.01 . 1.01.02 . 21.24 . 5.2.1.01.01 ","Honorarium Panitia Pelaksana Kegiatan ",4500000,1250000,-3250000,-72.22,"Honor panitia1 org/bjj x 1.250.000,00 = 1.250.000,00"
"1.01 . 1.01.02 . 21.24 . 5.2.2 ","Belanja Barang dan Jasa ",33912500,43500000,9587500,28.27,
"1.01 . 1.01.02 . 21.24 . 5.2.2.01 ","Belanja Bahan Pakai Habis ",6387500,8400000,2012500,31.51,
"1.01 . 1.01.02 . 21.24 . 5.2.2.01.01 ","Belanja Alat Tulis Kantor ",6387500,8400000,2012500,31.51,"Belanja ATK1 keg x 700.000,00 = 700.000,00
Belanja ATK peserta110 org x 70.000,00 = 7.700.000,00"
"1.01 . 1.01.02 . 21.24 . 5.2.2.03 ","Belanja Jasa Kantor ",0,5250000,5250000,0,
"1.01 . 1.01.02 . 21.24 . 5.2.2.03.12 ","Belanja Transportasi dan Akomodasi ",0,4950000,4950000,0,"Belanja transportasi lokal untuk peserta
Transport lokal/uang harian peserta110 org x 45.000,00 = 4.950.000,00"
"1.01 . 1.01.02 . 21.24 . 5.2.2.03.13 ","Belanja Dokumentasi ",0,300000,300000,0,"Belanja dokumentasi1 keg x 300.000,00 = 300.000,00"
"1.01 . 1.01.02 . 21.24 . 5.2.2.07 ","Belanja Sewa Rumah/Gedung/Gudang/Parkir ",2500000,2000000,-500000,-20,
"1.01 . 1.01.02 . 21.24 . 5.2.2.07.03 ","Belanja Sewa Ruang Rapat/Pertemuan ",2500000,2000000,-500000,-20,"Belanja sewa tempat
Belanja sewa ruang rapat/pertemuan1 keg x 2.000.000,00 = 2.000.000,00"
"1.01 . 1.01.02 . 21.24 . 5.2.2.11 ","Belanja Makanan Dan Minuman ",18025000,19350000,1325000,7.35,
"1.01 . 1.01.02 . 21.24 . 5.2.2.11.02 ","Belanja Makanan Dan Minuman Rapat ",525000,1225000,700000,133.33,"Belanja makan minum rapat70 org x 17.500,00 = 1.225.000,00"
"1.01 . 1.01.02 . 21.24 . 5.2.2.11.05 ","Belanja makanan dan minuman pelaksanaan kegiatan",17500000,18125000,625000,3.57,"Belanja makan dan minum kegiatan125 org x 145.000,00 = 18.125.000,00"
"1.01 . 1.01.02 . 21.24 . 5.2.2.34 ","Honorarium Pelaksanaan Kegiatan ",7000000,8500000,1500000,21.43,
"1.01 . 1.01.02 . 21.24 . 5.2.2.34.01 ","Honorarium Nara Sumber/Moderator/Tenaga Ahli ",4000000,3550000,-450000,-11.25,"Honor narasumber, moderator, pembawa acara, dirijen lagu, pembaca do'a
Honor narasumber6 org x 400.000,00 = 2.400.000,00
Honor moderator4 org x 200.000,00 = 800.000,00
Honor pembawa acara1 org x 150.000,00 = 150.000,00
Honor direjen lagu1 org x 100.000,00 = 100.000,00
Honor pembaca do'a1 org x 100.000,00 = 100.000,00"
"1.01 . 1.01.02 . 21.24 . 5.2.2.34.05 ","Honor Peserta Seminar/Simposium /Workshop/Sosialisasi",3000000,4950000,1950000,65,"Honor pesertaUang harian / transport peserta110 org x 45.000,00 = 4.950.000,00"
"1.01 . 1.01.02 . 21.24 . 5.2.3 ","Belanja Modal ",47500000,10000000,-37500000,-78.95,
"1.01 . 1.01.02 . 21.24 . 5.2.3.38 ","Belanja Modal Alat Peraga Pendidikan ",47500000,10000000,-37500000,-78.95,
"1.01 . 1.01.02 . 21.24 . 5.2.3.38.01 ","Belanja Modal Alat Peraga Pendidikan ",47500000,10000000,-37500000,-78.95,"Belanja alat-alat peraga pendidikan kebencanaan
Belanja alat peraga pendidikan kebencanaan, poster, dan kebutuhan lain untuk pengurangan resiko bencana di sekolah1 keg x 10.000.000,00 = 10.000.000,00"
"1.01 . 1.01.02 . 21.25 ","Achivement Motivation Training (AMT) untuk mencapai prestasi dalam Ujian Nasional ",226345200,449845200,223500000,98.74,"Sumber Dana : Dana Alokasi Umum (D A U)
Lokasi Kegiatan : Kab. Bantul"
"1.01 . 1.01.02 . 21.25 . 5.2.1 ","Belanja Pegawai ",1250000,1250000,0,0,
"1.01 . 1.01.02 . 21.25 . 5.2.1.01 ","Honorarium PNS ",1250000,1250000,0,0,
"1.01 . 1.01.02 . 21.25 . 5.2.1.01.01 ","Honorarium Panitia Pelaksana Kegiatan ",1250000,1250000,0,0,"Honor penaitia pelaksana kegiatan
Honor panitia1 org/bjj x 1.250.000,00 = 1.250.000,00"
"1.01 . 1.01.02 . 21.25 . 5.2.2 ","Belanja Barang dan Jasa ",225095200,448595200,223500000,99.29,
"1.01 . 1.01.02 . 21.25 . 5.2.2.01 ","Belanja Bahan Pakai Habis ",2282700,2282700,0,0,
"1.01 . 1.01.02 . 21.25 . 5.2.2.01.01 ","Belanja Alat Tulis Kantor ",2282700,2282700,0,0,"Belanja ATK1 keg x 782.700,00 = 782.700,00
Belanja ATK peserta100 keg x 15.000,00 = 1.500.000,00"
"1.01 . 1.01.02 . 21.25 . 5.2.2.03 ","Belanja Jasa Kantor ",200000,19200000,19000000,9500,
"1.01 . 1.01.02 . 21.25 . 5.2.2.03.13 ","Belanja Dokumentasi ",200000,200000,0,0,"Belanja dokumentasi1 keg x 200.000,00 = 200.000,00"
"1.01 . 1.01.02 . 21.25 . 5.2.2.03.24 ","Belanja Jasa Penghitungan/Penilai ",0,19000000,19000000,0,"Biaya koreksiBelanja koreksi hasil pengerjaan soal1 keg x 19.000.000,00 = 19.000.000,00"
"1.01 . 1.01.02 . 21.25 . 5.2.2.06 ","Belanja Cetak/Penggandaan/Dokumentasi ",1500000,169200000,167700000,11180,
"1.01 . 1.01.02 . 21.25 . 5.2.2.06.02 ","Belanja Penggandaan/Foto Copy ",1500000,169200000,167700000,11180,"Belanja footocopy materi
Belanja penggandaan naskah soal tertulis, master dan rekaman soal listening, lembar jawab komputer, amplop soal, daftar hadir, berita acara untuk menyongsong Ujian Nasional1 keg x 169.200.000,00 = 169.200.000,00"
"1.01 . 1.01.02 . 21.25 . 5.2.2.11 ","Belanja Makanan Dan Minuman ",35612500,35612500,0,0,
"1.01 . 1.01.02 . 21.25 . 5.2.2.11.02 ","Belanja Makanan Dan Minuman Rapat ",612500,612500,0,0,"Belanja makan minum rapatBelanja makan dan minum rapat35 org x 17.500,00 = 612.500,00"
"1.01 . 1.01.02 . 21.25 . 5.2.2.11.05 ","Belanja makanan dan minuman pelaksanaan kegiatan",35000000,35000000,0,0,"Belanja makan dan minum kegiatan
Belanja makan dan minum kegiatan untuk peserta, pendamping, pembimbing2,000 org x 17.500,00 = 35.000.000,00"
"1.01 . 1.01.02 . 21.25 . 5.2.2.30 ","Belanja Operasional Pendidikan ",157500000,157500000,0,0,
"1.01 . 1.01.02 . 21.25 . 5.2.2.30.05 ","Belanja Operasional Pendidikan SMA/SMK ",157500000,157500000,0,0,"Belanja operasional pendidikan untuk test psikologi/penjajakan bakat, minat siswa
Belanja operasional aplikasi test psikologi (dermatoglyphics method)1 keg x 157.500.000,00 = 157.500.000,00"
"1.01 . 1.01.02 . 21.25 . 5.2.2.34 ","Honorarium Pelaksanaan Kegiatan ",28000000,64800000,36800000,131.43,
"1.01 . 1.01.02 . 21.25 . 5.2.2.34.10 ","Honorarium Penyelenggaraan Kegiatan ",28000000,64800000,36800000,131.43,"Honor Penyelenggaraan kegiatan
Honor pendamping kegiatan1 org/bjj x 4.500.000,00 = 4.500.000,00
Honor pembimbing khusus/tenaga ahli1 org/bjj x 6.500.000,00 = 6.500.000,00
Honor penyusun materi1 org/bjj x 10.000.000,00 = 10.000.000,00
Uang harian peserta per hari800 org x 15.000,00 = 12.000.000,00
Honor penyusun naskah soal SMA/MA dan SMK (62 dan 44 org)106 org x 300.000,00 = 31.800.000,00"
"1.01 . 1.01.02 . 21.26 ","Bimtek Administrasi Sekolah bagi Pengelola Keuangan di Sekolah ",20237500,46887380,26649880,131.69,"Sumber Dana : Dana Alokasi Umum (D A U)
Lokasi Kegiatan : Kab. Bantul"
"1.01 . 1.01.02 . 21.26 . 5.2.1 ","Belanja Pegawai ",3500000,850000,-2650000,-75.71,
"1.01 . 1.01.02 . 21.26 . 5.2.1.01 ","Honorarium PNS ",3500000,850000,-2650000,-75.71,
"1.01 . 1.01.02 . 21.26 . 5.2.1.01.01 ","Honorarium Panitia Pelaksana Kegiatan ",3500000,850000,-2650000,-75.71,"Honor panitia
Honor panitia pelaksana kegiatan1 keg/bjj x 850.000,00 = 850.000,00"
"1.01 . 1.01.02 . 21.26 . 5.2.2 ","Belanja Barang dan Jasa ",16737500,46037380,29299880,175.06,
"1.01 . 1.01.02 . 21.26 . 5.2.2.01 ","Belanja Bahan Pakai Habis ",4350000,8999880,4649880,106.89,
"1.01 . 1.01.02 . 21.26 . 5.2.2.01.01 ","Belanja Alat Tulis Kantor ",4350000,8999880,4649880,106.89,"Belanja ATK
Bela ja ATK1 keg x 599.880,00 = 599.880,00
Belaja ATK peserta140 org x 60.000,00 = 8.400.000,00"
"1.01 . 1.01.02 . 21.26 . 5.2.2.03 ","Belanja Jasa Kantor ",200000,12300000,12100000,6050,
"1.01 . 1.01.02 . 21.26 . 5.2.2.03.12 ","Belanja Transportasi dan Akomodasi ",0,12000000,12000000,0,"Transport lokal / uang harian peserta300 org x 40.000,00 = 12.000.000,00"
"1.01 . 1.01.02 . 21.26 . 5.2.2.03.13 ","Belanja Dokumentasi ",200000,300000,100000,50,"Belanja dokumentasi1 keg x 300.000,00 = 300.000,00"
"1.01 . 1.01.02 . 21.26 . 5.2.2.06 ","Belanja Cetak/Penggandaan/Dokumentasi ",437500,500000,62500,14.29,
"1.01 . 1.01.02 . 21.26 . 5.2.2.06.02 ","Belanja Penggandaan/Foto Copy ",437500,500000,62500,14.29,"Belanja foto copy4,000 lbr x 125,00 = 500.000,00"
"1.01 . 1.01.02 . 21.26 . 5.2.2.11 ","Belanja Makanan Dan Minuman ",6950000,18737500,11787500,169.6,
"1.01 . 1.01.02 . 21.26 . 5.2.2.11.02 ","Belanja Makanan Dan Minuman Rapat ",700000,1137500,437500,62.5,"Belanja makan minum rapat
Belanja makan dan minum rapat65 org x 17.500,00 = 1.137.500,00"
"1.01 . 1.01.02 . 21.26 . 5.2.2.11.05 ","Belanja makanan dan minuman pelaksanaan kegiatan",6250000,17600000,11350000,181.6,"Belanja makan dan minum kegiatan320 org x 55.000,00 = 17.600.000,00"
"1.01 . 1.01.02 . 21.26 . 5.2.2.34 ","Honorarium Pelaksanaan Kegiatan ",4800000,5500000,700000,14.58,
"1.01 . 1.01.02 . 21.26 . 5.2.2.34.01 ","Honorarium Nara Sumber/Moderator/Tenaga Ahli ",4800000,5500000,700000,14.58,"Honor narausmber
Honor narasumber11 org x 350.000,00 = 3.850.000,00
Honor moderator7 org x 150.000,00 = 1.050.000,00
Honor pembawa acara2 org x 100.000,00 = 200.000,00
Honor pemandu lagu kebangsaan2 org x 100.000,00 = 200.000,00
Honor pembaca do'a2 org x 100.000,00 = 200.000,00"
"1.01 . 1.01.02 . 21.27 ","Penanaman Iman, Taqwa dan Akhlak Mulia ",103555000,55859512,-47695488,-46.06,"Sumber Dana : Dana Alokasi Umum (D A U)
Lokasi Kegiatan : Kab. Bantul"
"1.01 . 1.01.02 . 21.27 . 5.2.1 ","Belanja Pegawai ",2500000,2300000,-200000,-8,
"1.01 . 1.01.02 . 21.27 . 5.2.1.01 ","Honorarium PNS ",2500000,2300000,-200000,-8,
"1.01 . 1.01.02 . 21.27 . 5.2.1.01.01 ","Honorarium Panitia Pelaksana Kegiatan ",2500000,2300000,-200000,-8,"Honor panitia1 org/bjj x 2.300.000,00 = 2.300.000,00"
"1.01 . 1.01.02 . 21.27 . 5.2.2 ","Belanja Barang dan Jasa ",61055000,33559512,-27495488,-45.03,
"1.01 . 1.01.02 . 21.27 . 5.2.2.01 ","Belanja Bahan Pakai Habis ",15500000,334212,-15165788,-97.84,
"1.01 . 1.01.02 . 21.27 . 5.2.2.01.01 ","Belanja Alat Tulis Kantor ",15500000,334212,-15165788,-97.84,"Belanja ATK1 keg x 334.212,00 = 334.212,00
Belanja ATK peserta"
"1.01 . 1.01.02 . 21.27 . 5.2.2.03 ","Belanja Jasa Kantor ",0,400000,400000,0,
"1.01 . 1.01.02 . 21.27 . 5.2.2.03.13 ","Belanja Dokumentasi ",0,400000,400000,0,"Belanja dokumentasi1 keg x 400.000,00 = 400.000,00"
"1.01 . 1.01.02 . 21.27 . 5.2.2.11 ","Belanja Makanan Dan Minuman ",39275000,25775000,-13500000,-34.37,
"1.01 . 1.01.02 . 21.27 . 5.2.2.11.02 ","Belanja Makanan Dan Minuman Rapat ",525000,525000,0,0,"Belanja makan minum rapat30 org x 17.500,00 = 525.000,00"
"1.01 . 1.01.02 . 21.27 . 5.2.2.11.05 ","Belanja makanan dan minuman pelaksanaan kegiatan",38750000,25250000,-13500000,-34.84,"Belanja makan minum kegiatan
Belanja makan minum kegiatan penanaman iman, taqwa, dan akhlak mulia1,010 org x 25.000,00 = 25.250.000,00"
"1.01 . 1.01.02 . 21.27 . 5.2.2.15 ","Belanja Perjalanan Dinas ",1280000,2050300,770300,60.18,
"1.01 . 1.01.02 . 21.27 . 5.2.2.15.01 ","Belanja Perjalanan Dinas Dalam Daerah ",1280000,2050300,770300,60.18,"Perjalanan dinas dalam daerah
Golongan 425 org x 50.000,00 = 1.250.000,00
Golongan 320 org x 40.000,00 = 800.000,00
Golongan 210 org x 30,00 = 300,00"
"1.01 . 1.01.02 . 21.27 . 5.2.2.34 ","Honorarium Pelaksanaan Kegiatan ",5000000,5000000,0,0,
"1.01 . 1.01.02 . 21.27 . 5.2.2.34.01 ","Honorarium Nara Sumber/Moderator/Tenaga Ahli ",5000000,5000000,0,0,"Honor narasumber25 org/jpl x 200.000,00 = 5.000.000,00"
"1.01 . 1.01.02 . 21.27 . 5.2.3 ","Belanja Modal ",40000000,20000000,-20000000,-50,
"1.01 . 1.01.02 . 21.27 . 5.2.3.38 ","Belanja Modal Alat Peraga Pendidikan ",40000000,20000000,-20000000,-50,
"1.01 . 1.01.02 . 21.27 . 5.2.3.38.01 ","Belanja Modal Alat Peraga Pendidikan ",40000000,20000000,-20000000,-50,"Belanja modal alat peraga pendidikan iman, taqwa dan akhlak mulia
Belanja modal alat peraga pendidikan iman, taqwa, dan akhlak mulia1 paket x 20.000.000,00 = 20.000.000,00"
"1.01 . 1.01.02 . 21.28 ","Peningkatan Pelayanan Pendidikan Inklusi ",72025000,17432500,-54592500,-75.8,"Sumber Dana : Dana Alokasi Umum (D A U)
Lokasi Kegiatan : Kab. Bantul"
"1.01 . 1.01.02 . 21.28 . 5.2.1 ","Belanja Pegawai ",25850000,950000,-24900000,-96.32,
"1.01 . 1.01.02 . 21.28 . 5.2.1.01 ","Honorarium PNS ",850000,950000,100000,11.76,
"1.01 . 1.01.02 . 21.28 . 5.2.1.01.01 ","Honorarium Panitia Pelaksana Kegiatan ",850000,950000,100000,11.76,"Honor panitia1 org/bjj x 950.000,00 = 950.000,00"
"1.01 . 1.01.02 . 21.28 . 5.2.1.02 ","Honorarium Non PNS ",25000000,0,-25000000,-100,
"1.01 . 1.01.02 . 21.28 . 5.2.1.02.02 ","Honorarium Pegawai Honorer/Tidak Tetap ",25000000,0,-25000000,-100,"Honor pendidik dari guru tidak tetap
Honor pendidik/guru tidak tetap (non PNS) untuk pendidikan inklusif, selama 1 tahun"
"1.01 . 1.01.02 . 21.28 . 5.2.2 ","Belanja Barang dan Jasa ",46175000,16482500,-29692500,-64.3,
"1.01 . 1.01.02 . 21.28 . 5.2.2.11 ","Belanja Makanan Dan Minuman ",3375000,612500,-2762500,-81.85,
"1.01 . 1.01.02 . 21.28 . 5.2.2.11.02 ","Belanja Makanan Dan Minuman Rapat ",875000,612500,-262500,-30,"Belanja makan minum rapat35 org x 17.500,00 = 612.500,00"
"1.01 . 1.01.02 . 21.28 . 5.2.2.11.05 ","Belanja makanan dan minuman pelaksanaan kegiatan",2500000,0,-2500000,-100,"Belanja makan minum kegiatan koordinasi/ sosialisasi pendidikan inklusif
Belanja makan minum kegiatan koordinasi/sosilisasi/lokakarya pendidikan inklusif"
"1.01 . 1.01.02 . 21.28 . 5.2.2.15 ","Belanja Perjalanan Dinas ",0,870000,870000,0,
"1.01 . 1.01.02 . 21.28 . 5.2.2.15.01 ","Belanja Perjalanan Dinas Dalam Daerah ",0,870000,870000,0,"Perjalanan dinas dalam daerah
Golongan 415 org x 50.000,00 = 750.000,00
Golongan 33 org x 40.000,00 = 120.000,00"
"1.01 . 1.01.02 . 21.28 . 5.2.2.23 ","Belanja Barang yang akan diserahkan kepada Masyarakat/ Pihak ketiga",40000000,15000000,-25000000,-62.5,
"1.01 . 1.01.02 . 21.28 . 5.2.2.23.01 ","Belanja Barang yang akan diserahkan kepada Masyarakat",40000000,15000000,-25000000,-62.5,"Belanja barang kebutuhan peserta didik berkebutuhan khusus
Belanja barang kebutuhan peserta didik berkebutuhan khusus sesuai kebutuhan masing-masing1 keg x 15.000.000,00 = 15.000.000,00"
"1.01 . 1.01.02 . 21.28 . 5.2.2.34 ","Honorarium Pelaksanaan Kegiatan ",2800000,0,-2800000,-100,
"1.01 . 1.01.02 . 21.28 . 5.2.2.34.01 ","Honorarium Nara Sumber/Moderator/Tenaga Ahli ",2800000,0,-2800000,-100,"Honor narasumber/ pembinaan"
"1.20 . 1.01.02 . 30 ","Program Pengelolaaan Barang Daerah ",10550000,21337500,10787500,102.25,
"1.20 . 1.01.02 . 30.10 ","Pendataan dan Pemetaan Barang dan Aset ",10550000,21337500,10787500,102.25,"Sumber Dana : Dana Alokasi Umum (D A U)"
"1.20 . 1.01.02 . 30.10 . 5.2.1 ","Belanja Pegawai ",650000,19800000,19150000,2946.15,
"1.20 . 1.01.02 . 30.10 . 5.2.1.01 ","Honorarium PNS ",650000,19800000,19150000,2946.15,
"1.20 . 1.01.02 . 30.10 . 5.2.1.01.01 ","Honorarium Panitia Pelaksana Kegiatan ",650000,2000000,1350000,207.69,"TPK Tim Kegiatan1 bjj x 2.000.000,00 = 2.000.000,00"
"1.20 . 1.01.02 . 30.10 . 5.2.1.01.04 ",,0,17800000,17800000,0,"TPK Tim Entry data28 org x 150.000,00 = 4.200.000,00
Petugas Entry Data Sekolah/UPT136 org x 100.000,00 = 13.600.000,00"
"1.20 . 1.01.02 . 30.10 . 5.2.2 ","Belanja Barang dan Jasa ",9900000,1537500,-8362500,-84.47,
"1.20 . 1.01.02 . 30.10 . 5.2.2.01 ","Belanja Bahan Pakai Habis ",450000,67500,-382500,-85,
"1.20 . 1.01.02 . 30.10 . 5.2.2.01.01 ","Belanja Alat Tulis Kantor ",450000,67500,-382500,-85,"Belanja ATK1 keg x 67.500,00 = 67.500,00"
"1.20 . 1.01.02 . 30.10 . 5.2.2.06 ","Belanja Cetak/Penggandaan/Dokumentasi ",375000,0,-375000,-100,
"1.20 . 1.01.02 . 30.10 . 5.2.2.06.02 ","Belanja Penggandaan/Foto Copy ",375000,0,-375000,-100,"Belanja Penggandaan/Foto CopyBelanja Foto Copy"
"1.20 . 1.01.02 . 30.10 . 5.2.2.11 ","Belanja Makanan Dan Minuman ",4375000,1470000,-2905000,-66.4,
"1.20 . 1.01.02 . 30.10 . 5.2.2.11.02 ","Belanja Makanan Dan Minuman Rapat ",4375000,1470000,-2905000,-66.4,"Belanja Makan Minum Rapat84 orang x 17.500,00 = 1.470.000,00"
"1.20 . 1.01.02 . 30.10 . 5.2.2.15 ","Belanja Perjalanan Dinas ",4700000,0,-4700000,-100,
"1.20 . 1.01.02 . 30.10 . 5.2.2.15.01 ","Belanja Perjalanan Dinas Dalam Daerah ",4700000,0,-4700000,-100,"Perjalanan dinas dalam daerahGolongan 4Golongan 3Golongan 2"
"SURPLUS / (DEFISIT) ",,-261023929403,-299383031003,-38359101600,14.7,
